#Parameters = {Epsilon=3; a=8.636; b=4.318; d_new=2; d_odj=74.4; h=1; l=26; l_old=26; tg_delta=0.01}
#"Frequency / GHz"	"S1,1 [Re]"	"S1,1 [Im]"	"Ref.Imp. [Re]"	"Ref.Imp. [Im]"
#-------------------------------------------------------------------------
22.000000000000	-0.65429689845349	0.29127876559205	613.01104519995	0.0000000000000
22.006000000000	-0.65263129992058	0.29462277437657	612.76353518974	0.0000000000000
22.012000000000	-0.65094921267662	0.29795629929239	612.51602517953	0.0000000000000
22.018000000000	-0.64925070693387	0.30127926184379	612.26851516932	0.0000000000000
22.024000000000	-0.64753585323361	0.30459158404801	612.02100515911	0.0000000000000
22.030000000000	-0.64580472244218	0.30789318843585	611.77349514890	0.0000000000000
22.036000000000	-0.64405738574701	0.31118399805211	611.52598513869	0.0000000000000
22.042000000000	-0.64229391465272	0.31446393645612	611.27847512848	0.0000000000000
22.048000000000	-0.64051438097719	0.31773292772215	611.03096511826	0.0000000000000
22.054000000000	-0.63871885684763	0.32099089643984	610.78345510805	0.0000000000000
22.060000000000	-0.63690741469674	0.32423776771459	610.53594509784	0.0000000000000
22.066000000000	-0.63508012725882	0.32747346716789	610.28843508763	0.0000000000000
22.072000000000	-0.63323706756589	0.33069792093771	610.04092507742	0.0000000000000
22.078000000000	-0.63137830894389	0.33391105567876	609.79341506721	0.0000000000000
22.084000000000	-0.62950392500883	0.33711279856276	609.54590505700	0.0000000000000
22.090000000000	-0.62761398966299	0.34030307727874	609.29839504679	0.0000000000000
22.096000000000	-0.62570857709112	0.34348182003323	609.05088503658	0.0000000000000
22.102000000000	-0.62378776175668	0.34664895555044	608.80337502637	0.0000000000000
22.108000000000	-0.62185161839808	0.34980441307248	608.55586501616	0.0000000000000
22.114000000000	-0.61990022202491	0.35294812235949	608.30835500594	0.0000000000000
22.120000000000	-0.61793364791425	0.35608001368973	608.06084499573	0.0000000000000
22.126000000000	-0.61595197160694	0.35920001785972	607.81333498552	0.0000000000000
22.132000000000	-0.61395526890390	0.36230806618429	607.56582497531	0.0000000000000
22.138000000000	-0.61194361586244	0.36540409049663	607.31831496510	0.0000000000000
22.144000000000	-0.60991708879261	0.36848802314834	607.07080495489	0.0000000000000
22.150000000000	-0.60787576425356	0.37155979700937	606.82329494468	0.0000000000000
22.156000000000	-0.60581971904993	0.37461934546807	606.57578493447	0.0000000000000
22.162000000000	-0.60374903022820	0.37766660243109	606.32827492426	0.0000000000000
22.168000000000	-0.60166377507315	0.38070150232334	606.08076491405	0.0000000000000
22.174000000000	-0.59956403110427	0.38372398008788	605.83325490384	0.0000000000000
22.180000000000	-0.59744987607218	0.38673397118583	605.58574489362	0.0000000000000
22.186000000000	-0.59532138795516	0.38973141159622	605.33823488341	0.0000000000000
22.192000000000	-0.59317864495554	0.39271623781582	605.09072487320	0.0000000000000
22.198000000000	-0.59102172549627	0.39568838685899	604.84321486299	0.0000000000000
22.204000000000	-0.58885070821743	0.39864779625747	604.59570485278	0.0000000000000
22.210000000000	-0.58666567197273	0.40159440406015	604.34819484257	0.0000000000000
22.216000000000	-0.58446669582607	0.40452814883285	604.10068483236	0.0000000000000
22.222000000000	-0.58225385904816	0.40744896965803	603.85317482215	0.0000000000000
22.228000000000	-0.58002724111302	0.41035680613454	603.60566481194	0.0000000000000
22.234000000000	-0.57778692169468	0.41325159837732	603.35815480173	0.0000000000000
22.240000000000	-0.57553298066374	0.41613328701706	603.11064479152	0.0000000000000
22.246000000000	-0.57326549808403	0.41900181319987	602.86313478130	0.0000000000000
22.252000000000	-0.57098455420928	0.42185711858692	602.61562477109	0.0000000000000
22.258000000000	-0.56869022947980	0.42469914535409	602.36811476088	0.0000000000000
22.264000000000	-0.56638260451916	0.42752783619155	602.12060475067	0.0000000000000
22.270000000000	-0.56406176013091	0.43034313430336	601.87309474046	0.0000000000000
22.276000000000	-0.56172777729534	0.43314498340703	601.62558473025	0.0000000000000
22.282000000000	-0.55938073716618	0.43593332773309	601.37807472004	0.0000000000000
22.288000000000	-0.55702072106741	0.43870811202462	601.13056470983	0.0000000000000
22.294000000000	-0.55464781049006	0.44146928153678	600.88305469962	0.0000000000000
22.300000000000	-0.55226208708895	0.44421678203630	600.63554468941	0.0000000000000
22.306000000000	-0.54986363267959	0.44695055980096	600.38803467920	0.0000000000000
22.312000000000	-0.54745252923498	0.44967056161909	600.14052466898	0.0000000000000
22.318000000000	-0.54502885888249	0.45237673478902	599.89301465877	0.0000000000000
22.324000000000	-0.54259270390071	0.45506902711847	599.64550464856	0.0000000000000
22.330000000000	-0.54014414671638	0.45774738692406	599.39799463835	0.0000000000000
22.336000000000	-0.53768326990130	0.46041176303065	599.15048462814	0.0000000000000
22.342000000000	-0.53521015616923	0.46306210477077	598.90297461793	0.0000000000000
22.348000000000	-0.53272488837291	0.46569836198399	598.65546460772	0.0000000000000
22.354000000000	-0.53022754950094	0.46832048501630	598.40795459751	0.0000000000000
22.360000000000	-0.52771822267486	0.47092842471943	598.16044458730	0.0000000000000
22.366000000000	-0.52519699114608	0.47352213245022	597.91293457709	0.0000000000000
22.372000000000	-0.52266393829296	0.47610156006995	597.66542456688	0.0000000000000
22.378000000000	-0.52011914761781	0.47866665994362	597.41791455666	0.0000000000000
22.384000000000	-0.51756270274398	0.48121738493926	597.17040454645	0.0000000000000
22.390000000000	-0.51499468741292	0.48375368842725	596.92289453624	0.0000000000000
22.396000000000	-0.51241518548130	0.48627552427955	596.67538452603	0.0000000000000
22.402000000000	-0.50982428091809	0.48878284686897	596.42787451582	0.0000000000000
22.408000000000	-0.50722205780171	0.49127561106845	596.18036450561	0.0000000000000
22.414000000000	-0.50460860031720	0.49375377225026	595.93285449540	0.0000000000000
22.420000000000	-0.50198399275335	0.49621728628524	595.68534448519	0.0000000000000
22.426000000000	-0.49934831949990	0.49866610954201	595.43783447498	0.0000000000000
22.432000000000	-0.49670166504476	0.50110019888619	595.19032446477	0.0000000000000
22.438000000000	-0.49404411397120	0.50351951167957	594.94281445456	0.0000000000000
22.444000000000	-0.49137575095512	0.50592400577931	594.69530444435	0.0000000000000
22.450000000000	-0.48869666076228	0.50831363953708	594.44779443413	0.0000000000000
22.456000000000	-0.48600692824559	0.51068837179827	594.20028442392	0.0000000000000
22.462000000000	-0.48330663834239	0.51304816190107	593.95277441371	0.0000000000000
22.468000000000	-0.48059587607176	0.51539296967570	593.70526440350	0.0000000000000
22.474000000000	-0.47787472653186	0.51772275544345	593.45775439329	0.0000000000000
22.480000000000	-0.47514327489725	0.52003748001585	593.21024438308	0.0000000000000
22.486000000000	-0.47240160641625	0.52233710469378	592.96273437287	0.0000000000000
22.492000000000	-0.46964980640836	0.52462159126657	592.71522436266	0.0000000000000
22.498000000000	-0.46688796026157	0.52689090201106	592.46771435245	0.0000000000000
22.504000000000	-0.46411615342988	0.52914499969073	592.22020434224	0.0000000000000
22.510000000000	-0.46133447143062	0.53138384755476	591.97269433203	0.0000000000000
22.516000000000	-0.45854299984198	0.53360740933707	591.72518432181	0.0000000000000
22.522000000000	-0.45574182430040	0.53581564925544	591.47767431160	0.0000000000000
22.528000000000	-0.45293103049811	0.53800853201048	591.23016430139	0.0000000000000
22.534000000000	-0.45011070418060	0.54018602278473	590.98265429118	0.0000000000000
22.540000000000	-0.44728093114411	0.54234808724169	590.73514428097	0.0000000000000
22.546000000000	-0.44444179723319	0.54449469152484	590.48763427076	0.0000000000000
22.552000000000	-0.44159338833822	0.54662580225663	590.24012426055	0.0000000000000
22.558000000000	-0.43873579039300	0.54874138653755	589.99261425034	0.0000000000000
22.564000000000	-0.43586908937229	0.55084141194509	589.74510424013	0.0000000000000
22.570000000000	-0.43299337128942	0.55292584653275	589.49759422992	0.0000000000000
22.576000000000	-0.43010872219393	0.55499465882906	589.25008421971	0.0000000000000
22.582000000000	-0.42721522816912	0.55704781783653	589.00257420949	0.0000000000000
22.588000000000	-0.42431297532976	0.55908529303063	588.75506419928	0.0000000000000
22.594000000000	-0.42140204981972	0.56110705435879	588.50755418907	0.0000000000000
22.600000000000	-0.41848253780964	0.56311307223936	588.26004417886	0.0000000000000
22.606000000000	-0.41555452549462	0.56510331756054	588.01253416865	0.0000000000000
22.612000000000	-0.41261809909193	0.56707776167937	587.76502415844	0.0000000000000
22.618000000000	-0.40967334483872	0.56903637642068	587.51751414823	0.0000000000000
22.624000000000	-0.40672034898976	0.57097913407600	587.27000413802	0.0000000000000
22.630000000000	-0.40375919781518	0.57290600740254	587.02249412781	0.0000000000000
22.636000000000	-0.40078997759825	0.57481696962210	586.83392704533	0.0000000000000
22.642000000000	-0.39781277463315	0.57671199442000	586.64535996286	0.0000000000000
22.648000000000	-0.39482767522277	0.57859105594400	586.45679288039	0.0000000000000
22.654000000000	-0.39183476567651	0.58045412880324	586.26822579791	0.0000000000000
22.660000000000	-0.38883413230810	0.58230118806714	586.07965871544	0.0000000000000
22.666000000000	-0.38582586143348	0.58413220926429	585.89109163297	0.0000000000000
22.672000000000	-0.38281003936861	0.58594716838139	585.70252455049	0.0000000000000
22.678000000000	-0.37978675242733	0.58774604186213	585.51395746802	0.0000000000000
22.684000000000	-0.37675608691931	0.58952880660611	585.32539038554	0.0000000000000
22.690000000000	-0.37371812914786	0.59129543996768	585.13682330307	0.0000000000000
22.696000000000	-0.37067296540790	0.59304591975491	584.94825622060	0.0000000000000
22.702000000000	-0.36762068198389	0.59478022422838	584.75968913812	0.0000000000000
22.708000000000	-0.36456136514771	0.59649833210014	584.57112205565	0.0000000000000
22.714000000000	-0.36149510115669	0.59820022253255	584.38255497318	0.0000000000000
22.720000000000	-0.35842197625152	0.59988587513717	584.19398789070	0.0000000000000
22.726000000000	-0.35534207665426	0.60155526997361	584.00542080823	0.0000000000000
22.732000000000	-0.35225548856631	0.60320838754843	583.81685372576	0.0000000000000
22.738000000000	-0.34916229816647	0.60484520881395	583.62828664328	0.0000000000000
22.744000000000	-0.34606259160889	0.60646571516720	583.43971956081	0.0000000000000
22.750000000000	-0.34295645502117	0.60806988844867	583.25115247833	0.0000000000000
22.756000000000	-0.33984397450237	0.60965771094127	583.06258539586	0.0000000000000
22.762000000000	-0.33672523612109	0.61122916536910	582.87401831339	0.0000000000000
22.768000000000	-0.33360032591353	0.61278423489635	582.68545123091	0.0000000000000
22.774000000000	-0.33046932988159	0.61432290312614	582.49688414844	0.0000000000000
22.780000000000	-0.32733233399097	0.61584515409934	582.30831706597	0.0000000000000
22.786000000000	-0.32418942416928	0.61735097229344	582.11974998349	0.0000000000000
22.792000000000	-0.32104068630418	0.61884034262140	581.93118290102	0.0000000000000
22.798000000000	-0.31788620624147	0.62031325043045	581.74261581854	0.0000000000000
22.804000000000	-0.31472606978332	0.62176968150095	581.55404873607	0.0000000000000
22.810000000000	-0.31156036268638	0.62320962204523	581.36548165360	0.0000000000000
22.816000000000	-0.30838917065994	0.62463305870641	581.17691457112	0.0000000000000
22.822000000000	-0.30521257936418	0.62603997855724	580.98834748865	0.0000000000000
22.828000000000	-0.30203067440833	0.62743036909892	580.79978040618	0.0000000000000
22.834000000000	-0.29884354134887	0.62880421825994	580.61121332370	0.0000000000000
22.840000000000	-0.29565126568780	0.63016151439489	580.42264624123	0.0000000000000
22.846000000000	-0.29245393287084	0.63150224628330	580.23407915876	0.0000000000000
22.852000000000	-0.28925162828567	0.63282640312845	580.04551207628	0.0000000000000
22.858000000000	-0.28604443726023	0.63413397455619	579.85694499381	0.0000000000000
22.864000000000	-0.28283244506096	0.63542495061378	579.66837791133	0.0000000000000
22.870000000000	-0.27961573689110	0.63669932176869	579.47981082886	0.0000000000000
22.876000000000	-0.27639439788895	0.63795707890740	579.29124374639	0.0000000000000
22.882000000000	-0.27316851312621	0.63919821333428	579.10267666391	0.0000000000000
22.888000000000	-0.26993816760631	0.64042271677033	578.91410958144	0.0000000000000
22.894000000000	-0.26670344626268	0.64163058135204	578.72554249897	0.0000000000000
22.900000000000	-0.26346443395713	0.64282179963020	578.53697541649	0.0000000000000
22.906000000000	-0.26022121547819	0.64399636456867	578.34840833402	0.0000000000000
22.912000000000	-0.25697387553949	0.64515426954327	578.15984125155	0.0000000000000
22.918000000000	-0.25372249877807	0.64629550834051	577.97127416907	0.0000000000000
22.924000000000	-0.25046716975283	0.64742007515646	577.78270708660	0.0000000000000
22.930000000000	-0.24720797294289	0.64852796459550	577.59414000412	0.0000000000000
22.936000000000	-0.24394499274598	0.64961917166921	577.40557292165	0.0000000000000
22.942000000000	-0.24067831347688	0.65069369179509	577.21700583918	0.0000000000000
22.948000000000	-0.23740801936581	0.65175152079542	577.02843875670	0.0000000000000
22.954000000000	-0.23413419455691	0.65279265489607	576.83987167423	0.0000000000000
22.960000000000	-0.23085692310663	0.65381709072527	576.65130459176	0.0000000000000
22.966000000000	-0.22757628898222	0.65482482531244	576.46273750928	0.0000000000000
22.972000000000	-0.22429237606015	0.65581585608701	576.27417042681	0.0000000000000
22.978000000000	-0.22100526812464	0.65679018087719	576.08560334433	0.0000000000000
22.984000000000	-0.21771504886610	0.65774779790879	575.89703626186	0.0000000000000
22.990000000000	-0.21442180187964	0.65868870580405	575.70846917939	0.0000000000000
22.996000000000	-0.21112561066354	0.65961290358038	575.51990209691	0.0000000000000
23.002000000000	-0.20782655861781	0.66052039064926	575.33133501444	0.0000000000000
23.008000000000	-0.20452472904266	0.66141116681494	575.14276793197	0.0000000000000
23.014000000000	-0.20122020513707	0.66228523227331	574.95420084949	0.0000000000000
23.020000000000	-0.19791306999731	0.66314258761070	574.76563376702	0.0000000000000
23.026000000000	-0.19460340661545	0.66398323380266	574.57706668455	0.0000000000000
23.032000000000	-0.19129129787800	0.66480717221276	574.38849960207	0.0000000000000
23.038000000000	-0.18797682656439	0.66561440459143	574.19993251960	0.0000000000000
23.044000000000	-0.18466007534559	0.66640493307473	574.01136543712	0.0000000000000
23.050000000000	-0.18134112678269	0.66717876018316	573.82279835465	0.0000000000000
23.056000000000	-0.17802006332548	0.66793588882047	573.63423127218	0.0000000000000
23.062000000000	-0.17469696731103	0.66867632227246	573.44566418970	0.0000000000000
23.068000000000	-0.17137192096234	0.66940006420580	573.25709710723	0.0000000000000
23.074000000000	-0.16804500638693	0.67010711866680	573.06853002476	0.0000000000000
23.080000000000	-0.16471630557548	0.67079749008023	572.87996294228	0.0000000000000
23.086000000000	-0.16138590040043	0.67147118324815	572.69139585981	0.0000000000000
23.092000000000	-0.15805387261465	0.67212820334867	572.50282877734	0.0000000000000
23.098000000000	-0.15472030385011	0.67276855593477	572.31426169486	0.0000000000000
23.104000000000	-0.15138527561647	0.67339224693313	572.12569461239	0.0000000000000
23.110000000000	-0.14804886929981	0.67399928264291	571.93712752991	0.0000000000000
23.116000000000	-0.14471116616127	0.67458966973454	571.74856044744	0.0000000000000
23.122000000000	-0.14137224733573	0.67516341524856	571.55999336497	0.0000000000000
23.128000000000	-0.13803219383052	0.67572052659442	571.37142628249	0.0000000000000
23.134000000000	-0.13469108652409	0.67626101154925	571.18285920002	0.0000000000000
23.140000000000	-0.13134900616473	0.67678487825671	570.99429211755	0.0000000000000
23.146000000000	-0.12800603336929	0.67729213522577	570.80572503507	0.0000000000000
23.152000000000	-0.12466224862186	0.67778279132952	570.61715795260	0.0000000000000
23.158000000000	-0.12131773227254	0.67825685580400	570.42859087013	0.0000000000000
23.164000000000	-0.11797256453614	0.67871433824697	570.24002378765	0.0000000000000
23.170000000000	-0.11462682549094	0.67915524861673	570.05145670518	0.0000000000000
23.176000000000	-0.11128059507745	0.67957959723095	569.86288962270	0.0000000000000
23.182000000000	-0.10793395309711	0.67998739476545	569.67432254023	0.0000000000000
23.188000000000	-0.10458697921111	0.68037865225302	569.48575545776	0.0000000000000
23.194000000000	-0.10123975293914	0.68075338108222	569.29718837528	0.0000000000000
23.200000000000	-0.097892353658153	0.68111159299622	569.10862129281	0.0000000000000
23.206000000000	-0.094544860601154	0.68145330009156	568.92005421034	0.0000000000000
23.212000000000	-0.091197352855998	0.68177851481699	568.73148712786	0.0000000000000
23.218000000000	-0.087849909364173	0.68208724997227	568.54292004539	0.0000000000000
23.224000000000	-0.084502608919611	0.68237951870701	568.35435296291	0.0000000000000
23.230000000000	-0.081155530167492	0.68265533451942	568.16578588044	0.0000000000000
23.236000000000	-0.077808751603062	0.68291471125517	567.97721879797	0.0000000000000
23.242000000000	-0.074462351570456	0.68315766310619	567.78865171549	0.0000000000000
23.248000000000	-0.071116408261523	0.68338420460946	567.60008463302	0.0000000000000
23.254000000000	-0.067770999714661	0.68359435064587	567.41151755055	0.0000000000000
23.260000000000	-0.064426203813661	0.68378811643895	567.22295046807	0.0000000000000
23.266000000000	-0.061082098286555	0.68396551755379	567.03438338560	0.0000000000000
23.272000000000	-0.057738760704459	0.68412656989574	566.84581630313	0.0000000000000
23.278000000000	-0.054396268480448	0.68427128970932	566.65724922065	0.0000000000000
23.284000000000	-0.051054698868411	0.68439969357696	566.46868213818	0.0000000000000
23.290000000000	-0.047714128961925	0.68451179841784	566.28011505570	0.0000000000000
23.296000000000	-0.044374635693136	0.68460762148674	566.09154797323	0.0000000000000
23.302000000000	-0.041036295831636	0.68468718037278	565.90298089076	0.0000000000000
23.308000000000	-0.037699185983359	0.68475049299828	565.71441380828	0.0000000000000
23.314000000000	-0.034363382589472	0.68479757761759	565.52584672581	0.0000000000000
23.320000000000	-0.031028961925278	0.68482845281585	565.33727964334	0.0000000000000
23.326000000000	-0.027696000099122	0.68484313750785	565.14871256086	0.0000000000000
23.332000000000	-0.024364573051302	0.68484165093682	564.96014547839	0.0000000000000
23.338000000000	-0.021034756552990	0.68482401267325	564.77157839592	0.0000000000000
23.344000000000	-0.017706626205155	0.68479024261373	564.58301131344	0.0000000000000
23.350000000000	-0.014380257437488	0.68474036097972	564.39444423097	0.0000000000000
23.356000000000	-0.011055725507345	0.68467438831638	564.20587714849	0.0000000000000
23.362000000000	-0.0077331054986765	0.68459234549142	564.01731006602	0.0000000000000
23.368000000000	-0.0044124723209847	0.68449425369387	563.82874298355	0.0000000000000
23.374000000000	-0.0010939007082613	0.68438013443290	563.64017590107	0.0000000000000
23.380000000000	0.0022225347820437	0.68425000953666	563.45160881860	0.0000000000000
23.386000000000	0.0055367597700669	0.68410390115109	563.26304173613	0.0000000000000
23.392000000000	0.0088487000545644	0.68394183173872	563.07447465365	0.0000000000000
23.398000000000	0.012158281613939	0.68376382407749	562.88590757118	0.0000000000000
23.404000000000	0.015465430607261	0.68356990125956	562.69734048870	0.0000000000000
23.410000000000	0.018770073375292	0.68336008669016	562.50877340623	0.0000000000000
23.416000000000	0.022072136441488	0.68313440408634	562.32020632376	0.0000000000000
23.422000000000	0.025371546513015	0.68289287747587	562.13163924128	0.0000000000000
23.428000000000	0.028668230481750	0.68263553119596	561.94307215881	0.0000000000000
23.434000000000	0.031962115425272	0.68236238989216	561.75450507634	0.0000000000000
23.440000000000	0.035253128607863	0.68207347851712	561.56593799386	0.0000000000000
23.446000000000	0.038541197481491	0.68176882232944	561.37737091139	0.0000000000000
23.452000000000	0.041826249686789	0.68144844689244	561.18880382892	0.0000000000000
23.458000000000	0.045108213054047	0.68111237807303	561.00023674644	0.0000000000000
23.464000000000	0.048387015604164	0.68076064204049	560.81166966397	0.0000000000000
23.470000000000	0.051662585549632	0.68039326526528	560.62310258149	0.0000000000000
23.476000000000	0.054934851295492	0.68001027451788	560.43453549902	0.0000000000000
23.482000000000	0.058203741440296	0.67961169686757	560.24596841655	0.0000000000000
23.488000000000	0.061469184777057	0.67919755968128	560.05740133407	0.0000000000000
23.494000000000	0.064731110294202	0.67876789062238	559.86883425160	0.0000000000000
23.500000000000	0.067989447176513	0.67832271764949	559.68026716913	0.0000000000000
23.506000000000	0.071244124806066	0.67786206901532	559.49170008665	0.0000000000000
23.512000000000	0.074495072763172	0.67738597326544	559.30313300418	0.0000000000000
23.518000000000	0.077742220827299	0.67689445923713	559.11456592171	0.0000000000000
23.524000000000	0.080985498978005	0.67638755605819	558.92599883923	0.0000000000000
23.530000000000	0.084224837395854	0.67586529314570	558.73743175676	0.0000000000000
23.536000000000	0.087460166463336	0.67532770020490	558.54886467428	0.0000000000000
23.542000000000	0.090691416765776	0.67477480722796	558.36029759181	0.0000000000000
23.548000000000	0.093918519092245	0.67420664449281	558.17173050934	0.0000000000000
23.554000000000	0.097141404436459	0.67362324256193	557.98316342686	0.0000000000000
23.560000000000	0.10036000399769	0.67302463228116	557.79459634439	0.0000000000000
23.566000000000	0.10357424918163	0.67241084477854	557.60602926192	0.0000000000000
23.572000000000	0.10678407160131	0.67178191146307	557.41746217944	0.0000000000000
23.578000000000	0.10998940307800	0.67113786402356	557.22889509697	0.0000000000000
23.584000000000	0.11319017564202	0.67047873442743	557.04032801450	0.0000000000000
23.590000000000	0.11638632153371	0.66980455491947	556.85176093202	0.0000000000000
23.596000000000	0.11957777320421	0.66911535802073	556.66319384955	0.0000000000000
23.602000000000	0.12276446331641	0.66841117652725	556.47462676707	0.0000000000000
23.608000000000	0.12594632474574	0.66769204350890	556.28605968460	0.0000000000000
23.614000000000	0.12912329058111	0.66695799230816	556.09749260213	0.0000000000000
23.620000000000	0.13229529412567	0.66620905653898	555.90892551965	0.0000000000000
23.626000000000	0.13546226889775	0.66544527008551	555.72035843718	0.0000000000000
23.632000000000	0.13862414863163	0.66466666710096	555.53179135471	0.0000000000000
23.638000000000	0.14178086727845	0.66387328200635	555.34322427223	0.0000000000000
23.644000000000	0.14493235900699	0.66306514948937	555.15465718976	0.0000000000000
23.650000000000	0.14807855820455	0.66224230450312	554.96609010728	0.0000000000000
23.656000000000	0.15121939947774	0.66140478226497	554.77752302481	0.0000000000000
23.662000000000	0.15435481765332	0.66055261825529	554.58895594234	0.0000000000000
23.668000000000	0.15748474777904	0.65968584821631	554.40038885986	0.0000000000000
23.674000000000	0.16060912512442	0.65880450815089	554.21182177739	0.0000000000000
23.680000000000	0.16372788518160	0.65790863432130	554.02325469492	0.0000000000000
23.686000000000	0.16684096366609	0.65699826324806	553.83468761244	0.0000000000000
23.692000000000	0.16994829651766	0.65607343170868	553.64612052997	0.0000000000000
23.698000000000	0.17304981990106	0.65513417673650	553.45755344750	0.0000000000000
23.704000000000	0.17614547020685	0.65418053561945	553.26898636502	0.0000000000000
23.710000000000	0.17923518405219	0.65321254589887	553.08041928255	0.0000000000000
23.716000000000	0.18231889828161	0.65223024536827	552.89185220007	0.0000000000000
23.722000000000	0.18539654996783	0.65123367207215	552.70328511760	0.0000000000000
23.728000000000	0.18846807641250	0.65022286430477	552.51471803513	0.0000000000000
23.734000000000	0.19153341514697	0.64919786060894	552.32615095265	0.0000000000000
23.740000000000	0.19459250393310	0.64815869977483	552.13758387018	0.0000000000000
23.746000000000	0.19764528076401	0.64710542083871	551.94901678771	0.0000000000000
23.752000000000	0.20069168386479	0.64603806308177	551.81227975834	0.0000000000000
23.758000000000	0.20373165169335	0.64495666602891	551.67554272898	0.0000000000000
23.764000000000	0.20676512294109	0.64386126944749	551.53880569961	0.0000000000000
23.770000000000	0.20979203653369	0.64275191334615	551.40206867025	0.0000000000000
23.776000000000	0.21281233163187	0.64162863797355	551.26533164088	0.0000000000000
23.782000000000	0.21582594763206	0.64049148381720	551.12859461152	0.0000000000000
23.788000000000	0.21883282416722	0.63934049160218	550.99185758215	0.0000000000000
23.794000000000	0.22183290110752	0.63817570228997	550.85512055279	0.0000000000000
23.800000000000	0.22482611856108	0.63699715707721	550.71838352342	0.0000000000000
23.806000000000	0.22781241687470	0.63580489739445	550.58164649406	0.0000000000000
23.812000000000	0.23079173663458	0.63459896490495	550.44490946469	0.0000000000000
23.818000000000	0.23376401866700	0.63337940150347	550.30817243533	0.0000000000000
23.824000000000	0.23672920403910	0.63214624931500	550.17143540596	0.0000000000000
23.830000000000	0.23968723405951	0.63089955069355	550.03469837660	0.0000000000000
23.836000000000	0.24263805027911	0.62963934822093	549.89796134723	0.0000000000000
23.842000000000	0.24558159449170	0.62836568470551	549.76122431787	0.0000000000000
23.848000000000	0.24851780873468	0.62707860318098	549.62448728850	0.0000000000000
23.854000000000	0.25144663528977	0.62577814690514	549.48775025914	0.0000000000000
23.860000000000	0.25436801668371	0.62446435935863	549.35101322977	0.0000000000000
23.866000000000	0.25728189568886	0.62313728424373	549.21427620041	0.0000000000000
23.872000000000	0.26018821532398	0.62179696548307	549.07753917104	0.0000000000000
23.878000000000	0.26308691885481	0.62044344721848	548.94080214168	0.0000000000000
23.884000000000	0.26597794979481	0.61907677380965	548.80406511231	0.0000000000000
23.890000000000	0.26886125190577	0.61769698983296	548.66732808295	0.0000000000000
23.896000000000	0.27173676919850	0.61630414008020	548.53059105358	0.0000000000000
23.902000000000	0.27460444593348	0.61489826955734	548.39385402422	0.0000000000000
23.908000000000	0.27746422662151	0.61347942348330	548.25711699485	0.0000000000000
23.914000000000	0.28031605602433	0.61204764728867	548.12037996549	0.0000000000000
23.920000000000	0.28315987915531	0.61060298661449	547.98364293612	0.0000000000000
23.926000000000	0.28599564128004	0.60914548731098	547.84690590676	0.0000000000000
23.932000000000	0.28882328791699	0.60767519543632	547.71016887739	0.0000000000000
23.938000000000	0.29164276483814	0.60619215725536	547.57343184803	0.0000000000000
23.944000000000	0.29445401806958	0.60469641923840	547.43669481866	0.0000000000000
23.950000000000	0.29725699389216	0.60318802805992	547.29995778930	0.0000000000000
23.956000000000	0.30005163884208	0.60166703059732	547.16322075993	0.0000000000000
23.962000000000	0.30283789971150	0.60013347392970	547.02648373057	0.0000000000000
23.968000000000	0.30561572354918	0.59858740533653	546.88974670120	0.0000000000000
23.974000000000	0.30838505766105	0.59702887229648	546.75300967184	0.0000000000000
23.980000000000	0.31114584961079	0.59545792248607	546.61627264247	0.0000000000000
23.986000000000	0.31389804722049	0.59387460377848	546.47953561311	0.0000000000000
23.992000000000	0.31664159857115	0.59227896424226	546.34279858374	0.0000000000000
23.998000000000	0.31937645200335	0.59067105214005	546.20606155438	0.0000000000000
24.004000000000	0.32210255611776	0.58905091592733	546.06932452501	0.0000000000000
24.010000000000	0.32481985977575	0.58741860425116	545.93258749565	0.0000000000000
24.016000000000	0.32752831209994	0.58577416594889	545.79585046629	0.0000000000000
24.022000000000	0.33022786247480	0.58411765004693	545.65911343692	0.0000000000000
24.028000000000	0.33291846054716	0.58244910575941	545.52237640756	0.0000000000000
24.034000000000	0.33560005622682	0.58076858248699	545.38563937819	0.0000000000000
24.040000000000	0.33827259968705	0.57907612981552	545.24890234883	0.0000000000000
24.046000000000	0.34093604136516	0.57737179751480	545.11216531946	0.0000000000000
24.052000000000	0.34359033196307	0.57565563553728	544.97542829010	0.0000000000000
24.058000000000	0.34623542244779	0.57392769401683	544.83869126073	0.0000000000000
24.064000000000	0.34887126405198	0.57218802326740	544.70195423137	0.0000000000000
24.070000000000	0.35149780827451	0.57043667378176	544.56521720200	0.0000000000000
24.076000000000	0.35411500688093	0.56867369623025	544.42848017264	0.0000000000000
24.082000000000	0.35672281190400	0.56689914145947	544.29174314327	0.0000000000000
24.088000000000	0.35932117564423	0.56511306049097	544.15500611391	0.0000000000000
24.094000000000	0.36191005067037	0.56331550452003	544.01826908454	0.0000000000000
24.100000000000	0.36448938981993	0.56150652491432	543.88153205518	0.0000000000000
24.106000000000	0.36705914619962	0.55968617321261	543.74479502581	0.0000000000000
24.112000000000	0.36961927318595	0.55785450112354	543.60805799645	0.0000000000000
24.118000000000	0.37216972442561	0.55601156052425	543.47132096708	0.0000000000000
24.124000000000	0.37471045383602	0.55415740345915	543.33458393772	0.0000000000000
24.130000000000	0.37724141560580	0.55229208213859	543.19784690835	0.0000000000000
24.136000000000	0.37976256419524	0.55041564893759	543.06110987899	0.0000000000000
24.142000000000	0.38227385433674	0.54852815639452	542.92437284962	0.0000000000000
24.148000000000	0.38477524103533	0.54662965720984	542.78763582026	0.0000000000000
24.154000000000	0.38726667956908	0.54472020424476	542.65089879089	0.0000000000000
24.160000000000	0.38974812548961	0.54279985051996	542.51416176153	0.0000000000000
24.166000000000	0.39221953462246	0.54086864921430	542.37742473216	0.0000000000000
24.172000000000	0.39468086306762	0.53892665366351	542.24068770280	0.0000000000000
24.178000000000	0.39713206719992	0.53697391735886	542.10395067343	0.0000000000000
24.184000000000	0.39957310366945	0.53501049394592	541.96721364407	0.0000000000000
24.190000000000	0.40200392940206	0.53303643722319	541.83047661470	0.0000000000000
24.196000000000	0.40442450159971	0.53105180114082	541.69373958534	0.0000000000000
24.202000000000	0.40683477774093	0.52905663979933	541.55700255597	0.0000000000000
24.208000000000	0.40923471558122	0.52705100744824	541.42026552661	0.0000000000000
24.214000000000	0.41162427315347	0.52503495848481	541.28352849724	0.0000000000000
24.220000000000	0.41400340876835	0.52300854745273	541.14679146788	0.0000000000000
24.226000000000	0.41637208101473	0.52097182904077	541.01005443851	0.0000000000000
24.232000000000	0.41873024876005	0.51892485808150	540.87331740915	0.0000000000000
24.238000000000	0.42107787115071	0.51686768954996	540.73658037978	0.0000000000000
24.244000000000	0.42341490761249	0.51480037856238	540.59984335042	0.0000000000000
24.250000000000	0.42574131785089	0.51272298037480	540.46310632105	0.0000000000000
24.256000000000	0.42805706185150	0.51063555038180	540.32636929169	0.0000000000000
24.262000000000	0.43036209988040	0.50853814411519	540.18963226232	0.0000000000000
24.268000000000	0.43265639248451	0.50643081724264	540.05289523296	0.0000000000000
24.274000000000	0.43493990049192	0.50431362556643	539.91615820359	0.0000000000000
24.280000000000	0.43721258501228	0.50218662502207	539.77942117423	0.0000000000000
24.286000000000	0.43947440743714	0.50004987167699	539.64268414486	0.0000000000000
24.292000000000	0.44172532944025	0.49790342172926	539.50594711550	0.0000000000000
24.298000000000	0.44396531297797	0.49574733150621	539.36921008613	0.0000000000000
24.304000000000	0.44619432028953	0.49358165746314	539.23247305677	0.0000000000000
24.310000000000	0.44841231389738	0.49140645618198	539.09573602740	0.0000000000000
24.316000000000	0.45061925660755	0.48922178436999	538.95899899804	0.0000000000000
24.322000000000	0.45281511150990	0.48702769885837	538.82226196867	0.0000000000000
24.328000000000	0.45499984197845	0.48482425660103	538.68552493931	0.0000000000000
24.334000000000	0.45717341167171	0.48261151467315	538.54878790994	0.0000000000000
24.340000000000	0.45933578453296	0.48038953026997	538.41205088058	0.0000000000000
24.346000000000	0.46148692479054	0.47815836070533	538.27531385122	0.0000000000000
24.352000000000	0.46362679695812	0.47591806341047	538.13857682185	0.0000000000000
24.358000000000	0.46575536583504	0.47366869593260	538.00183979249	0.0000000000000
24.364000000000	0.46787259650650	0.47141031593360	537.86510276312	0.0000000000000
24.370000000000	0.46997845434391	0.46914298118873	537.72836573376	0.0000000000000
24.376000000000	0.47207290500512	0.46686674958521	537.59162870439	0.0000000000000
24.382000000000	0.47415591443468	0.46458167912097	537.45489167503	0.0000000000000
24.388000000000	0.47622744886409	0.46228782790328	537.31815464566	0.0000000000000
24.394000000000	0.47828747481205	0.45998525414738	537.18141761630	0.0000000000000
24.400000000000	0.48033595908474	0.45767401617522	537.04468058693	0.0000000000000
24.406000000000	0.48237286877599	0.45535417241407	536.90794355757	0.0000000000000
24.412000000000	0.48439817126755	0.45302578139519	536.77120652820	0.0000000000000
24.418000000000	0.48641183422935	0.45068890175251	536.63446949884	0.0000000000000
24.424000000000	0.48841382561963	0.44834359222128	536.49773246947	0.0000000000000
24.430000000000	0.49040411368526	0.44598991163674	536.36099544011	0.0000000000000
24.436000000000	0.49238266696185	0.44362791893276	536.22425841074	0.0000000000000
24.442000000000	0.49434945427403	0.44125767314054	536.08752138138	0.0000000000000
24.448000000000	0.49630444473561	0.43887923338724	535.95078435201	0.0000000000000
24.454000000000	0.49824760774979	0.43649265889465	535.81404732265	0.0000000000000
24.460000000000	0.50017891300932	0.43409800897785	535.67731029328	0.0000000000000
24.466000000000	0.50209833049671	0.43169534304386	535.54057326392	0.0000000000000
24.472000000000	0.50400583048438	0.42928472059034	535.40383623455	0.0000000000000
24.478000000000	0.50590138353486	0.42686620120420	535.26709920519	0.0000000000000
24.484000000000	0.50778496050091	0.42443984456027	535.13036217582	0.0000000000000
24.490000000000	0.50965653252572	0.42200571041999	534.99362514646	0.0000000000000
24.496000000000	0.51151607104304	0.41956385863004	534.85688811709	0.0000000000000
24.502000000000	0.51336354777733	0.41711434912099	534.72015108773	0.0000000000000
24.508000000000	0.51519893474390	0.41465724190601	534.58341405836	0.0000000000000
24.514000000000	0.51702220424905	0.41219259707948	534.44667702900	0.0000000000000
24.520000000000	0.51883332889017	0.40972047481564	534.30993999963	0.0000000000000
24.526000000000	0.52063228155592	0.40724093536731	534.17320297027	0.0000000000000
24.532000000000	0.52241903542629	0.40475403906449	534.03646594090	0.0000000000000
24.538000000000	0.52419356397274	0.40225984631304	533.89972891154	0.0000000000000
24.544000000000	0.52595584095830	0.39975841759336	533.76299188217	0.0000000000000
24.550000000000	0.52770584043769	0.39724981345900	533.62625485281	0.0000000000000
24.556000000000	0.52944353675735	0.39473409453536	533.48951782344	0.0000000000000
24.562000000000	0.53116890455560	0.39221132151834	533.35278079408	0.0000000000000
24.568000000000	0.53288191876269	0.38968155517300	533.21604376471	0.0000000000000
24.574000000000	0.53458255460088	0.38714485633221	533.07930673535	0.0000000000000
24.580000000000	0.53627078758450	0.38460128589532	532.94256970598	0.0000000000000
24.586000000000	0.53794659352003	0.38205090482680	532.80583267662	0.0000000000000
24.592000000000	0.53960994850615	0.37949377415496	532.66909564725	0.0000000000000
24.598000000000	0.54126082893379	0.37692995497052	532.53235861789	0.0000000000000
24.604000000000	0.54289921148618	0.37435950842536	532.39562158852	0.0000000000000
24.610000000000	0.54452507313891	0.37178249573110	532.25888455916	0.0000000000000
24.616000000000	0.54613839115992	0.36919897815786	532.12214752979	0.0000000000000
24.622000000000	0.54773914310957	0.36660901703281	531.98541050043	0.0000000000000
24.628000000000	0.54932730684064	0.36401267373893	531.84867347106	0.0000000000000
24.634000000000	0.55090286049837	0.36141000971361	531.71193644170	0.0000000000000
24.640000000000	0.55246578252044	0.35880108644736	531.57519941233	0.0000000000000
24.646000000000	0.55401605163700	0.35618596548243	531.43846238297	0.0000000000000
24.652000000000	0.55555364687066	0.35356470841153	531.30172535360	0.0000000000000
24.658000000000	0.55707854753648	0.35093737687642	531.16498832424	0.0000000000000
24.664000000000	0.55859073324196	0.34830403256666	531.02825129487	0.0000000000000
24.670000000000	0.56009018388703	0.34566473721823	530.89151426551	0.0000000000000
24.676000000000	0.56157687966401	0.34301955261220	530.75477723614	0.0000000000000
24.682000000000	0.56305080105760	0.34036854057341	530.61804020678	0.0000000000000
24.688000000000	0.56451192884482	0.33771176296913	530.48130317742	0.0000000000000
24.694000000000	0.56596024409498	0.33504928170776	530.34456614805	0.0000000000000
24.700000000000	0.56739572816965	0.33238115873746	530.20782911869	0.0000000000000
24.706000000000	0.56881836272255	0.32970745604484	530.07109208932	0.0000000000000
24.712000000000	0.57022812969956	0.32702823565365	529.93435505996	0.0000000000000
24.718000000000	0.57162501133861	0.32434355962342	529.79761803059	0.0000000000000
24.724000000000	0.57300899016961	0.32165349004817	529.66088100123	0.0000000000000
24.730000000000	0.57438004901439	0.31895808905507	529.52414397186	0.0000000000000
24.736000000000	0.57573817098662	0.31625741880311	529.38740694250	0.0000000000000
24.742000000000	0.57708333949167	0.31355154148180	529.25066991313	0.0000000000000
24.748000000000	0.57841553822660	0.31084051930983	529.11393288377	0.0000000000000
24.754000000000	0.57973475117996	0.30812441453377	528.97719585440	0.0000000000000
24.760000000000	0.58104096263177	0.30540328942671	528.84045882504	0.0000000000000
24.766000000000	0.58233415715336	0.30267720628702	528.70372179567	0.0000000000000
24.772000000000	0.58361431960724	0.29994622743695	528.56698476631	0.0000000000000
24.778000000000	0.58488143514702	0.29721041522137	528.43024773694	0.0000000000000
24.784000000000	0.58613548921724	0.29446983200644	528.29351070758	0.0000000000000
24.790000000000	0.58737646755325	0.29172454017832	528.15677367821	0.0000000000000
24.796000000000	0.58860435618106	0.28897460214180	528.02003664885	0.0000000000000
24.802000000000	0.58981914141720	0.28622008031908	527.88329961948	0.0000000000000
24.808000000000	0.59102080986854	0.28346103714838	527.74656259012	0.0000000000000
24.814000000000	0.59220934843218	0.28069753508268	527.60982556075	0.0000000000000
24.820000000000	0.59338474429522	0.27792963658841	527.47308853139	0.0000000000000
24.826000000000	0.59454698493464	0.27515740414416	527.33635150202	0.0000000000000
24.832000000000	0.59569605811711	0.27238090023932	527.19961447266	0.0000000000000
24.838000000000	0.59683195189876	0.26960018737287	527.06287744329	0.0000000000000
24.844000000000	0.59795465462506	0.26681532805200	526.92614041393	0.0000000000000
24.850000000000	0.59906415493059	0.26402638479087	526.78940338456	0.0000000000000
24.856000000000	0.60016044173882	0.26123342010931	526.65266635520	0.0000000000000
24.862000000000	0.60124350426193	0.25843649653147	526.51592932583	0.0000000000000
24.868000000000	0.60231333200060	0.25563567658462	526.37919229647	0.0000000000000
24.874000000000	0.60336991474377	0.25283102279779	526.24245526710	0.0000000000000
24.880000000000	0.60441324256843	0.25002259770050	526.10571823774	0.0000000000000
24.886000000000	0.60544330583938	0.24721046382151	525.96898120837	0.0000000000000
24.892000000000	0.60646009520900	0.24439468368750	525.83224417901	0.0000000000000
24.898000000000	0.60746360161699	0.24157531982179	525.69550714964	0.0000000000000
24.904000000000	0.60845381629018	0.23875243474306	525.55877012028	0.0000000000000
24.910000000000	0.60943073074218	0.23592609096412	525.42203309091	0.0000000000000
24.916000000000	0.61039433677320	0.23309635099057	525.28529606155	0.0000000000000
24.922000000000	0.61134462646978	0.23026327731955	525.14855903218	0.0000000000000
24.928000000000	0.61228159220447	0.22742693243850	525.01182200282	0.0000000000000
24.934000000000	0.61320522663558	0.22458737882384	524.87508497345	0.0000000000000
24.940000000000	0.61411552270691	0.22174467893974	524.73834794409	0.0000000000000
24.946000000000	0.61501247364746	0.21889889523685	524.60161091472	0.0000000000000
24.952000000000	0.61589607297110	0.21605009015103	524.46487388536	0.0000000000000
24.958000000000	0.61676631447633	0.21319832610208	524.32813685599	0.0000000000000
24.964000000000	0.61762319224593	0.21034366549252	524.19139982663	0.0000000000000
24.970000000000	0.61846670064666	0.20748617070629	524.05466279726	0.0000000000000
24.976000000000	0.61929683432894	0.20462590410753	523.91792576790	0.0000000000000
24.982000000000	0.62011358822656	0.20176292803931	523.78118873853	0.0000000000000
24.988000000000	0.62091695755630	0.19889730482239	523.64445170917	0.0000000000000
24.994000000000	0.62170693781764	0.19602909675400	523.50771467980	0.0000000000000
25.000000000000	0.62248352479240	0.19315836610653	523.37097765044	0.0000000000000
25.006000000000	0.62324671454442	0.19028517512636	523.27141588540	0.0000000000000
25.012000000000	0.62399650341916	0.18740958603259	523.17185412037	0.0000000000000
25.018000000000	0.62473288804341	0.18453166101581	523.07229235533	0.0000000000000
25.024000000000	0.62545586532488	0.18165146223686	522.97273059029	0.0000000000000
25.030000000000	0.62616543245186	0.17876905182561	522.87316882525	0.0000000000000
25.036000000000	0.62686158689283	0.17588449187972	522.77360706022	0.0000000000000
25.042000000000	0.62754432639610	0.17299784446345	522.67404529518	0.0000000000000
25.048000000000	0.62821364898943	0.17010917160640	522.57448353014	0.0000000000000
25.054000000000	0.62886955297962	0.16721853530228	522.47492176510	0.0000000000000
25.060000000000	0.62951203695214	0.16432599750776	522.37536000007	0.0000000000000
25.066000000000	0.63014109977071	0.16143162014120	522.27579823503	0.0000000000000
25.072000000000	0.63075674057692	0.15853546508143	522.17623646999	0.0000000000000
25.078000000000	0.63135895878980	0.15563759416661	522.07667470495	0.0000000000000
25.084000000000	0.63194775410544	0.15273806919294	521.97711293992	0.0000000000000
25.090000000000	0.63252312649650	0.14983695191354	521.87755117488	0.0000000000000
25.096000000000	0.63308507621188	0.14693430403719	521.77798940984	0.0000000000000
25.102000000000	0.63363360377621	0.14403018722716	521.67842764481	0.0000000000000
25.108000000000	0.63416870998944	0.14112466310002	521.57886587977	0.0000000000000
25.114000000000	0.63469039592644	0.13821779322443	521.47930411473	0.0000000000000
25.120000000000	0.63519866293648	0.13530963911999	521.37974234969	0.0000000000000
25.126000000000	0.63569351264284	0.13240026225601	521.28018058466	0.0000000000000
25.132000000000	0.63617494694233	0.12948972405039	521.18061881962	0.0000000000000
25.138000000000	0.63664296800482	0.12657808586838	521.08105705458	0.0000000000000
25.144000000000	0.63709757827279	0.12366540902144	520.98149528954	0.0000000000000
25.150000000000	0.63753878046086	0.12075175476606	520.88193352451	0.0000000000000
25.156000000000	0.63796657755530	0.11783718430261	520.78237175947	0.0000000000000
25.162000000000	0.63838097281355	0.11492175877415	520.68280999443	0.0000000000000
25.168000000000	0.63878196976375	0.11200553926530	520.58324822939	0.0000000000000
25.174000000000	0.63916957220424	0.10908858680104	520.48368646436	0.0000000000000
25.180000000000	0.63954378420304	0.10617096234559	520.38412469932	0.0000000000000
25.186000000000	0.63990461009738	0.10325272680127	520.28456293428	0.0000000000000
25.192000000000	0.64025205449320	0.10033394100730	520.18500116925	0.0000000000000
25.198000000000	0.64058612226460	0.097414665738718	520.08543940421	0.0000000000000
25.204000000000	0.64090681855335	0.094494961705196	519.98587763917	0.0000000000000
25.210000000000	0.64121414876837	0.091574889549924	519.88631587413	0.0000000000000
25.216000000000	0.64150811858521	0.088654509848472	519.78675410910	0.0000000000000
25.222000000000	0.64178873394548	0.085733883107659	519.68719234406	0.0000000000000
25.228000000000	0.64205600105637	0.082813069764428	519.58763057902	0.0000000000000
25.234000000000	0.64230992639008	0.079892130184725	519.48806881398	0.0000000000000
25.240000000000	0.64255051668326	0.076971124662378	519.38850704895	0.0000000000000
25.246000000000	0.64277777893650	0.074050113417984	519.28894528391	0.0000000000000
25.252000000000	0.64299172041375	0.071129156597794	519.18938351887	0.0000000000000
25.258000000000	0.64319234864176	0.068208314272608	519.08982175384	0.0000000000000
25.264000000000	0.64337967140954	0.065287646436674	518.99025998880	0.0000000000000
25.270000000000	0.64355369676774	0.062367213006581	518.89069822376	0.0000000000000
25.276000000000	0.64371443302816	0.059447073820165	518.79113645872	0.0000000000000
25.282000000000	0.64386188876308	0.056527288635418	518.69157469369	0.0000000000000
25.288000000000	0.64399607280477	0.053607917129399	518.59201292865	0.0000000000000
25.294000000000	0.64411699424480	0.050689018897146	518.49245116361	0.0000000000000
25.300000000000	0.64422466243357	0.047770653450597	518.39288939857	0.0000000000000
25.306000000000	0.64431908697960	0.044852880217510	518.29332763354	0.0000000000000
25.312000000000	0.64440027774902	0.041935758540395	518.19376586850	0.0000000000000
25.318000000000	0.64446824486491	0.039019347675438	518.09420410346	0.0000000000000
25.324000000000	0.64452299870672	0.036103706791438	517.99464233842	0.0000000000000
25.330000000000	0.64456454990962	0.033188894968749	517.89508057339	0.0000000000000
25.336000000000	0.64459290936396	0.030274971198212	517.79551880835	0.0000000000000
25.342000000000	0.64460808821457	0.027361994380112	517.69595704331	0.0000000000000
25.348000000000	0.64461009786016	0.024450023323125	517.59639527828	0.0000000000000
25.354000000000	0.64459894995272	0.021539116743269	517.49683351324	0.0000000000000
25.360000000000	0.64457465639684	0.018629333262865	517.39727174820	0.0000000000000
25.366000000000	0.64453722934910	0.015720731409500	517.29770998316	0.0000000000000
25.372000000000	0.64448668121744	0.012813369614992	517.19814821813	0.0000000000000
25.378000000000	0.64442302466046	0.0099073062143613	517.09858645309	0.0000000000000
25.384000000000	0.64434627258684	0.0070025994448041	516.99902468805	0.0000000000000
25.390000000000	0.64425643815464	0.0040993074446737	516.89946292301	0.0000000000000
25.396000000000	0.64415353477065	0.0011974882524616	516.79990115798	0.0000000000000
25.402000000000	0.64403757608974	-0.0017028001942148	516.70033939294	0.0000000000000
25.408000000000	0.64390857601417	-0.0046015000596203	516.60077762790	0.0000000000000
25.414000000000	0.64376654869294	-0.0074985536109070	516.50121586287	0.0000000000000
25.420000000000	0.64361150852114	-0.010393903219114	516.40165409783	0.0000000000000
25.426000000000	0.64344347013919	-0.013287491360163	516.30209233279	0.0000000000000
25.432000000000	0.64326244843227	-0.016179260615849	516.20253056775	0.0000000000000
25.438000000000	0.64306845852953	-0.019069153674834	516.10296880272	0.0000000000000
25.444000000000	0.64286151580347	-0.021957113333620	516.00340703768	0.0000000000000
25.450000000000	0.64264163586922	-0.024843082497534	515.90384527264	0.0000000000000
25.456000000000	0.64240883458384	-0.027727004181702	515.80428350760	0.0000000000000
25.462000000000	0.64216312804565	-0.030608821512018	515.70472174257	0.0000000000000
25.468000000000	0.64190453259347	-0.033488477726108	515.60515997753	0.0000000000000
25.474000000000	0.64163306480597	-0.036365916174297	515.50559821249	0.0000000000000
25.480000000000	0.64134874150093	-0.039241080320560	515.40603644745	0.0000000000000
25.486000000000	0.64105157973452	-0.042113913743477	515.30647468242	0.0000000000000
25.492000000000	0.64074159680059	-0.044984360137183	515.20691291738	0.0000000000000
25.498000000000	0.64041881022997	-0.047852363312307	515.10735115234	0.0000000000000
25.504000000000	0.64008323778970	-0.050717867196917	515.00778938731	0.0000000000000
25.510000000000	0.63973489748233	-0.053580815837451	514.90822762227	0.0000000000000
25.516000000000	0.63937380754519	-0.056441153399646	514.80866585723	0.0000000000000
25.522000000000	0.63899998644965	-0.059298824169474	514.70910409219	0.0000000000000
25.528000000000	0.63861345290036	-0.062153772554048	514.60954232716	0.0000000000000
25.534000000000	0.63821422583454	-0.065005943082552	514.50998056212	0.0000000000000
25.540000000000	0.63780232442122	-0.067855280407146	514.41041879708	0.0000000000000
25.546000000000	0.63737776806049	-0.070701729303877	514.31085703204	0.0000000000000
25.552000000000	0.63694057638274	-0.073545234673583	514.21129526701	0.0000000000000
25.558000000000	0.63649076924793	-0.076385741542791	514.11173350197	0.0000000000000
25.564000000000	0.63602836674480	-0.079223195064610	514.01217173693	0.0000000000000
25.570000000000	0.63555338919014	-0.082057540519622	513.91260997190	0.0000000000000
25.576000000000	0.63506585712800	-0.084888723316770	513.81304820686	0.0000000000000
25.582000000000	0.63456579132893	-0.087716688994234	513.71348644182	0.0000000000000
25.588000000000	0.63405321278922	-0.090541383220308	513.61392467678	0.0000000000000
25.594000000000	0.63352814273010	-0.093362751794276	513.51436291175	0.0000000000000
25.600000000000	0.63299060259700	-0.096180740647273	513.41480114671	0.0000000000000
25.606000000000	0.63244061405875	-0.098995295843152	513.31523938167	0.0000000000000
25.612000000000	0.63187819900678	-0.10180636357934	513.21567761663	0.0000000000000
25.618000000000	0.63130337955437	-0.10461389018768	513.11611585160	0.0000000000000
25.624000000000	0.63071617803583	-0.10741782213532	513.01655408656	0.0000000000000
25.630000000000	0.63011661700574	-0.11021810602549	512.91699232152	0.0000000000000
25.636000000000	0.62950471923813	-0.11301468859840	512.81743055648	0.0000000000000
25.642000000000	0.62888050772569	-0.11580751673205	512.71786879145	0.0000000000000
25.648000000000	0.62824400567898	-0.11859653744306	512.61830702641	0.0000000000000
25.654000000000	0.62759523652562	-0.12138169788750	512.51874526137	0.0000000000000
25.660000000000	0.62693422390947	-0.12416294536171	512.41918349634	0.0000000000000
25.666000000000	0.62626099168986	-0.12694022730312	512.31962173130	0.0000000000000
25.672000000000	0.62557556394074	-0.12971349129103	512.22005996626	0.0000000000000
25.678000000000	0.62487796494991	-0.13248268504747	512.12049820122	0.0000000000000
25.684000000000	0.62416821921817	-0.13524775643797	512.02093643619	0.0000000000000
25.690000000000	0.62344635145848	-0.13800865347235	511.92137467115	0.0000000000000
25.696000000000	0.62271238659523	-0.14076532430553	511.82181290611	0.0000000000000
25.702000000000	0.62196634976332	-0.14351771723832	511.72225114107	0.0000000000000
25.708000000000	0.62120826630738	-0.14626578071819	511.62268937604	0.0000000000000
25.714000000000	0.62043816178095	-0.14900946334004	511.52312761100	0.0000000000000
25.720000000000	0.61965606194563	-0.15174871384700	511.42356584596	0.0000000000000
25.726000000000	0.61886199277025	-0.15448348113119	511.32400408092	0.0000000000000
25.732000000000	0.61805598043005	-0.15721371423447	511.22444231589	0.0000000000000
25.738000000000	0.61723805130583	-0.15993936234922	511.12488055085	0.0000000000000
25.744000000000	0.61640823198311	-0.16266037481908	511.02531878581	0.0000000000000
25.750000000000	0.61556654925130	-0.16537670113970	510.92575702078	0.0000000000000
25.756000000000	0.61471303010285	-0.16808829095949	510.82619525574	0.0000000000000
25.762000000000	0.61384770173241	-0.17079509408037	510.72663349070	0.0000000000000
25.768000000000	0.61297059153596	-0.17349706045851	510.62707172566	0.0000000000000
25.774000000000	0.61208172710999	-0.17619414020501	510.52750996063	0.0000000000000
25.780000000000	0.61118113625063	-0.17888628358671	510.42794819559	0.0000000000000
25.786000000000	0.61026884695281	-0.18157344102682	510.32838643055	0.0000000000000
25.792000000000	0.60934488740938	-0.18425556310573	510.22882466551	0.0000000000000
25.798000000000	0.60840928601029	-0.18693260056165	510.12926290048	0.0000000000000
25.804000000000	0.60746207134169	-0.18960450429135	510.02970113544	0.0000000000000
25.810000000000	0.60650327218509	-0.19227122535086	509.93013937040	0.0000000000000
25.816000000000	0.60553291751649	-0.19493271495616	509.83057760537	0.0000000000000
25.822000000000	0.60455103650553	-0.19758892448390	509.73101584033	0.0000000000000
25.828000000000	0.60355765851459	-0.20023980547203	509.63145407529	0.0000000000000
25.834000000000	0.60255281309796	-0.20288530962056	509.53189231025	0.0000000000000
25.840000000000	0.60153653000094	-0.20552538879219	509.43233054522	0.0000000000000
25.846000000000	0.60050883915898	-0.20815999501299	509.33276878018	0.0000000000000
25.852000000000	0.59946977069679	-0.21078908047307	509.23320701514	0.0000000000000
25.858000000000	0.59841935492751	-0.21341259752729	509.13364525010	0.0000000000000
25.864000000000	0.59735762235176	-0.21603049869583	509.03408348507	0.0000000000000
25.870000000000	0.59628460365682	-0.21864273666495	508.93452172003	0.0000000000000
25.876000000000	0.59520032971574	-0.22124926428755	508.83495995499	0.0000000000000
25.882000000000	0.59410483158642	-0.22385003458388	508.73539818995	0.0000000000000
25.888000000000	0.59299814051078	-0.22644500074215	508.63583642492	0.0000000000000
25.894000000000	0.59188028791381	-0.22903411611919	508.53627465988	0.0000000000000
25.900000000000	0.59075130540277	-0.23161733424105	508.43671289484	0.0000000000000
25.906000000000	0.58961122476620	-0.23419460880366	508.33715112981	0.0000000000000
25.912000000000	0.58846007797312	-0.23676589367344	508.23758936477	0.0000000000000
25.918000000000	0.58729789717209	-0.23933114288790	508.13802759973	0.0000000000000
25.924000000000	0.58612471469032	-0.24189031065630	508.03846583469	0.0000000000000
25.930000000000	0.58494056303279	-0.24444335136022	507.93890406966	0.0000000000000
25.936000000000	0.58374547488134	-0.24699021955418	507.83934230462	0.0000000000000
25.942000000000	0.58253948309379	-0.24953086996623	507.73978053958	0.0000000000000
25.948000000000	0.58132262070303	-0.25206525749855	507.64021877454	0.0000000000000
25.954000000000	0.58009492091612	-0.25459333722807	507.54065700951	0.0000000000000
25.960000000000	0.57885641711341	-0.25711506440699	507.44109524447	0.0000000000000
25.966000000000	0.57760714284761	-0.25963039446343	507.34153347943	0.0000000000000
25.972000000000	0.57634713184289	-0.26213928300197	507.24197171440	0.0000000000000
25.978000000000	0.57507641799400	-0.26464168580422	507.14240994936	0.0000000000000
25.984000000000	0.57379503536534	-0.26713755882943	507.04284818432	0.0000000000000
25.990000000000	0.57250301819008	-0.26962685821498	506.94328641928	0.0000000000000
25.996000000000	0.57120040086922	-0.27210954027701	506.84372465425	0.0000000000000
26.002000000000	0.56988721797071	-0.27458556151093	506.74416288921	0.0000000000000
26.008000000000	0.56856350422851	-0.27705487859199	506.64460112417	0.0000000000000
26.014000000000	0.56722929454173	-0.27951744837582	506.54503935913	0.0000000000000
26.020000000000	0.56588462397366	-0.28197322789896	506.44547759410	0.0000000000000
26.026000000000	0.56452952775089	-0.28442217437942	506.34591582906	0.0000000000000
26.032000000000	0.56316404126242	-0.28686424521719	506.24635406402	0.0000000000000
26.038000000000	0.56178820005867	-0.28929939799478	506.14679229898	0.0000000000000
26.044000000000	0.56040203985065	-0.29172759047771	506.04723053395	0.0000000000000
26.050000000000	0.55900559650900	-0.29414878061508	505.94766876891	0.0000000000000
26.056000000000	0.55759890606307	-0.29656292654005	505.84810700387	0.0000000000000
26.062000000000	0.55618200470002	-0.29896998657037	505.74854523884	0.0000000000000
26.068000000000	0.55475492876390	-0.30136991920884	505.64898347380	0.0000000000000
26.074000000000	0.55331771475473	-0.30376268314386	505.54942170876	0.0000000000000
26.080000000000	0.55187039932755	-0.30614823724991	505.44985994372	0.0000000000000
26.086000000000	0.55041301929155	-0.30852654058803	505.35029817869	0.0000000000000
26.092000000000	0.54894561160912	-0.31089755240631	505.25073641365	0.0000000000000
26.098000000000	0.54746821339493	-0.31326123214039	505.15117464861	0.0000000000000
26.104000000000	0.54598086191503	-0.31561753941391	505.05161288357	0.0000000000000
26.110000000000	0.54448359458586	-0.31796643403901	504.95205111854	0.0000000000000
26.116000000000	0.54297644897343	-0.32030787601677	504.85248935350	0.0000000000000
26.122000000000	0.54145946279230	-0.32264182553770	504.75292758846	0.0000000000000
26.128000000000	0.53993267390472	-0.32496824298220	504.65336582343	0.0000000000000
26.134000000000	0.53839612031966	-0.32728708892101	504.55380405839	0.0000000000000
26.140000000000	0.53684984019192	-0.32959832411563	504.45424229335	0.0000000000000
26.146000000000	0.53529387182117	-0.33190190951882	504.35468052831	0.0000000000000
26.152000000000	0.53372825365105	-0.33419780627502	504.25511876328	0.0000000000000
26.158000000000	0.53215302426825	-0.33648597572078	504.15555699824	0.0000000000000
26.164000000000	0.53056822240154	-0.33876637938521	504.05599523320	0.0000000000000
26.170000000000	0.52897388692087	-0.34103897899039	503.95643346816	0.0000000000000
26.176000000000	0.52737005683646	-0.34330373645182	503.85687170313	0.0000000000000
26.182000000000	0.52575677129782	-0.34556061387883	503.75730993809	0.0000000000000
26.188000000000	0.52413406959287	-0.34780957357499	503.65774817305	0.0000000000000
26.194000000000	0.52250199114700	-0.35005057803853	503.55818640801	0.0000000000000
26.200000000000	0.52086057552210	-0.35228358996275	503.45862464298	0.0000000000000
26.206000000000	0.51920986241568	-0.35450857223644	503.35906287794	0.0000000000000
26.212000000000	0.51754989165992	-0.35672548794423	503.25950111290	0.0000000000000
26.218000000000	0.51588070322075	-0.35893430036705	503.15993934787	0.0000000000000
26.224000000000	0.51420233719687	-0.36113497298248	503.06037758283	0.0000000000000
26.230000000000	0.51251483381891	-0.36332746946514	502.96081581779	0.0000000000000
26.236000000000	0.51081823344840	-0.36551175368711	502.86125405275	0.0000000000000
26.242000000000	0.50911257657690	-0.36768778971826	502.76169228772	0.0000000000000
26.248000000000	0.50739790382506	-0.36985554182665	502.66213052268	0.0000000000000
26.254000000000	0.50567425594167	-0.37201497447892	502.56256875764	0.0000000000000
26.260000000000	0.50394167380274	-0.37416605234061	502.46300699260	0.0000000000000
26.266000000000	0.50220019841056	-0.37630874027656	502.36344522757	0.0000000000000
26.272000000000	0.50044987089278	-0.37844300335128	502.26388346253	0.0000000000000
26.278000000000	0.49869073250146	-0.38056880682924	502.16432169749	0.0000000000000
26.284000000000	0.49692282461217	-0.38268611617532	502.06475993245	0.0000000000000
26.290000000000	0.49514618872300	-0.38479489705505	501.96519816742	0.0000000000000
26.296000000000	0.49336086645368	-0.38689511533504	501.86563640238	0.0000000000000
26.302000000000	0.49156689954464	-0.38898673708327	501.76607463734	0.0000000000000
26.308000000000	0.48976432985606	-0.39106972856943	501.66651287231	0.0000000000000
26.314000000000	0.48795319936692	-0.39314405626528	501.56695110727	0.0000000000000
26.320000000000	0.48613355017411	-0.39520968684495	501.46738934223	0.0000000000000
26.326000000000	0.48430542449149	-0.39726658718525	501.36782757719	0.0000000000000
26.332000000000	0.48246886464893	-0.39931472436603	501.26826581216	0.0000000000000
26.338000000000	0.48062391309138	-0.40135406567047	501.16870404712	0.0000000000000
26.344000000000	0.47877061237797	-0.40338457858538	501.06914228208	0.0000000000000
26.350000000000	0.47690900518105	-0.40540623080154	500.96958051704	0.0000000000000
26.356000000000	0.47503913428526	-0.40741899021398	500.87001875201	0.0000000000000
26.362000000000	0.47316104258661	-0.40942282492228	500.77045698697	0.0000000000000
26.368000000000	0.47127477309154	-0.41141770323088	500.67089522193	0.0000000000000
26.374000000000	0.46938036891597	-0.41340359364933	500.57133345690	0.0000000000000
26.380000000000	0.46747787328442	-0.41538046489265	500.47177169186	0.0000000000000
26.386000000000	0.46556732952900	-0.41734828588157	500.37220992682	0.0000000000000
26.392000000000	0.46364878108856	-0.41930702574277	500.27264816178	0.0000000000000
26.398000000000	0.46172227150770	-0.42125665380927	500.17308639675	0.0000000000000
26.404000000000	0.45978784443587	-0.42319713962056	500.07352463171	0.0000000000000
26.410000000000	0.45784554362642	-0.42512845292301	499.97396286667	0.0000000000000
26.416000000000	0.45589541293569	-0.42705056367002	499.87440110163	0.0000000000000
26.422000000000	0.45393749632205	-0.42896344202235	499.77483933660	0.0000000000000
26.428000000000	0.45197183784499	-0.43086705834835	499.67527757156	0.0000000000000
26.434000000000	0.44999848166421	-0.43276138322422	499.57571580652	0.0000000000000
26.440000000000	0.44801747203863	-0.43464638743427	499.47615404148	0.0000000000000
26.446000000000	0.44602885332552	-0.43652204197116	499.37659227645	0.0000000000000
26.452000000000	0.44403266997955	-0.43838831803612	499.27703051141	0.0000000000000
26.458000000000	0.44202896655184	-0.44024518703923	499.17746874637	0.0000000000000
26.464000000000	0.44001778768907	-0.44209262059962	499.07790698134	0.0000000000000
26.470000000000	0.43799917813251	-0.44393059054575	498.97834521630	0.0000000000000
26.476000000000	0.43597318271714	-0.44575906891556	498.87878345126	0.0000000000000
26.482000000000	0.43393984637067	-0.44757802795678	498.77922168622	0.0000000000000
26.488000000000	0.43189921411266	-0.44938744012709	498.67965992119	0.0000000000000
26.494000000000	0.42985133105354	-0.45118727809438	498.58009815615	0.0000000000000
26.500000000000	0.42779624239375	-0.45297751473691	498.48053639111	0.0000000000000
26.506000000000	0.42573399342276	-0.45475812314359	498.40227362114	0.0000000000000
26.512000000000	0.42366462951816	-0.45652907661413	498.32401085118	0.0000000000000
26.518000000000	0.42158819614474	-0.45829034865929	498.24574808121	0.0000000000000
26.524000000000	0.41950473885355	-0.46004191300101	498.16748531124	0.0000000000000
26.530000000000	0.41741430328101	-0.46178374357271	498.08922254128	0.0000000000000
26.536000000000	0.41531693514794	-0.46351581451937	498.01095977131	0.0000000000000
26.542000000000	0.41321268025868	-0.46523810019781	497.93269700134	0.0000000000000
26.548000000000	0.41110158450010	-0.46695057517682	497.85443423138	0.0000000000000
26.554000000000	0.40898369384078	-0.46865321423739	497.77617146141	0.0000000000000
26.560000000000	0.40685905432997	-0.47034599237281	497.69790869144	0.0000000000000
26.566000000000	0.40472771209678	-0.47202888478896	497.61964592147	0.0000000000000
26.572000000000	0.40258971334916	-0.47370186690438	497.54138315151	0.0000000000000
26.578000000000	0.40044510437304	-0.47536491435048	497.46312038154	0.0000000000000
26.584000000000	0.39829393153140	-0.47701800297173	497.38485761157	0.0000000000000
26.590000000000	0.39613624126332	-0.47866110882577	497.30659484161	0.0000000000000
26.596000000000	0.39397208008310	-0.48029420818360	497.22833207164	0.0000000000000
26.602000000000	0.39180149457931	-0.48191727752975	497.15006930167	0.0000000000000
26.608000000000	0.38962453141389	-0.48353029356239	497.07180653170	0.0000000000000
26.614000000000	0.38744123732122	-0.48513323319352	496.99354376174	0.0000000000000
26.620000000000	0.38525165910720	-0.48672607354907	496.91528099177	0.0000000000000
26.626000000000	0.38305584364834	-0.48830879196911	496.83701822180	0.0000000000000
26.632000000000	0.38085383789085	-0.48988136600792	496.75875545184	0.0000000000000
26.638000000000	0.37864568884970	-0.49144377343415	496.68049268187	0.0000000000000
26.644000000000	0.37643144360774	-0.49299599223099	496.60222991190	0.0000000000000
26.650000000000	0.37421114931473	-0.49453800059622	496.52396714194	0.0000000000000
26.656000000000	0.37198485318649	-0.49606977694242	496.44570437197	0.0000000000000
26.662000000000	0.36975260250393	-0.49759129989704	496.36744160200	0.0000000000000
26.668000000000	0.36751444461217	-0.49910254830253	496.28917883203	0.0000000000000
26.674000000000	0.36527042691962	-0.50060350121647	496.21091606207	0.0000000000000
26.680000000000	0.36302059689704	-0.50209413791166	496.13265329210	0.0000000000000
26.686000000000	0.36076500207668	-0.50357443787625	496.05439052213	0.0000000000000
26.692000000000	0.35850369005131	-0.50504438081385	495.97612775217	0.0000000000000
26.698000000000	0.35623670847337	-0.50650394664360	495.89786498220	0.0000000000000
26.704000000000	0.35396410505399	-0.50795311550032	495.81960221223	0.0000000000000
26.710000000000	0.35168592756213	-0.50939186773456	495.74133944227	0.0000000000000
26.716000000000	0.34940222382367	-0.51082018391273	495.66307667230	0.0000000000000
26.722000000000	0.34711304172048	-0.51223804481717	495.58481390233	0.0000000000000
26.728000000000	0.34481842918950	-0.51364543144625	495.50655113236	0.0000000000000
26.734000000000	0.34251843422187	-0.51504232501443	495.42828836240	0.0000000000000
26.740000000000	0.34021310486200	-0.51642870695239	495.35002559243	0.0000000000000
26.746000000000	0.33790248920666	-0.51780455890705	495.27176282246	0.0000000000000
26.752000000000	0.33558663540410	-0.51916986274170	495.19350005250	0.0000000000000
26.758000000000	0.33326559165309	-0.52052460053603	495.11523728253	0.0000000000000
26.764000000000	0.33093940620207	-0.52186875458623	495.03697451256	0.0000000000000
26.770000000000	0.32860812734823	-0.52320230740503	494.95871174259	0.0000000000000
26.776000000000	0.32627180343659	-0.52452524172179	494.88044897263	0.0000000000000
26.782000000000	0.32393048285911	-0.52583754048254	494.80218620266	0.0000000000000
26.788000000000	0.32158421405378	-0.52713918685005	494.72392343269	0.0000000000000
26.794000000000	0.31923304550372	-0.52843016420388	494.64566066273	0.0000000000000
26.800000000000	0.31687702573630	-0.52971045614041	494.56739789276	0.0000000000000
26.806000000000	0.31451620332220	-0.53098004647294	494.48913512279	0.0000000000000
26.812000000000	0.31215062687453	-0.53223891923168	494.41087235283	0.0000000000000
26.818000000000	0.30978034504794	-0.53348705866383	494.33260958286	0.0000000000000
26.824000000000	0.30740540653768	-0.53472444923361	494.25434681289	0.0000000000000
26.830000000000	0.30502586007878	-0.53595107562228	494.17608404292	0.0000000000000
26.836000000000	0.30264175444505	-0.53716692272820	494.09782127296	0.0000000000000
26.842000000000	0.30025313844826	-0.53837197566682	494.01955850299	0.0000000000000
26.848000000000	0.29786006093723	-0.53956621977078	493.94129573302	0.0000000000000
26.854000000000	0.29546257079689	-0.54074964058984	493.86303296306	0.0000000000000
26.860000000000	0.29306071694744	-0.54192222389099	493.78477019309	0.0000000000000
26.866000000000	0.29065454834341	-0.54308395565842	493.70650742312	0.0000000000000
26.872000000000	0.28824411397281	-0.54423482209354	493.62824465315	0.0000000000000
26.878000000000	0.28582946285619	-0.54537480961500	493.54998188319	0.0000000000000
26.884000000000	0.28341064404578	-0.54650390485870	493.47171911322	0.0000000000000
26.890000000000	0.28098770662456	-0.54762209467782	493.39345634325	0.0000000000000
26.896000000000	0.27856069970543	-0.54872936614277	493.31519357329	0.0000000000000
26.902000000000	0.27612967243025	-0.54982570654123	493.23693080332	0.0000000000000
26.908000000000	0.27369467396899	-0.55091110337818	493.15866803335	0.0000000000000
26.914000000000	0.27125575351883	-0.55198554437581	493.08040526339	0.0000000000000
26.920000000000	0.26881296030326	-0.55304901747358	493.00214249342	0.0000000000000
26.926000000000	0.26636634357121	-0.55410151082821	492.92387972345	0.0000000000000
26.932000000000	0.26391595259614	-0.55514301281362	492.84561695348	0.0000000000000
26.938000000000	0.26146183667517	-0.55617351202098	492.76735418352	0.0000000000000
26.944000000000	0.25900404512817	-0.55719299725862	492.68909141355	0.0000000000000
26.950000000000	0.25654262729691	-0.55820145755206	492.61082864358	0.0000000000000
26.956000000000	0.25407763254413	-0.55919888214399	492.53256587362	0.0000000000000
26.962000000000	0.25160911025268	-0.56018526049419	492.45430310365	0.0000000000000
26.968000000000	0.24913710982462	-0.56116058227957	492.37604033368	0.0000000000000
26.974000000000	0.24666168068037	-0.56212483739408	492.29777756372	0.0000000000000
26.980000000000	0.24418287225776	-0.56307801594871	492.21951479375	0.0000000000000
26.986000000000	0.24170073401122	-0.56402010827144	492.14125202378	0.0000000000000
26.992000000000	0.23921531541085	-0.56495110490719	492.06298925381	0.0000000000000
26.998000000000	0.23672666594155	-0.56587099661779	491.98472648385	0.0000000000000
27.004000000000	0.23423483510213	-0.56677977438195	491.90646371388	0.0000000000000
27.010000000000	0.23173987240445	-0.56767742939516	491.82820094391	0.0000000000000
27.016000000000	0.22924182737251	-0.56856395306969	491.74993817395	0.0000000000000
27.022000000000	0.22674074954161	-0.56943933703451	491.67167540398	0.0000000000000
27.028000000000	0.22423668845742	-0.57030357313525	491.59341263401	0.0000000000000
27.034000000000	0.22172969367513	-0.57115665343410	491.51514986404	0.0000000000000
27.040000000000	0.21921981475858	-0.57199857020981	491.43688709408	0.0000000000000
27.046000000000	0.21670710127937	-0.57282931595755	491.35862432411	0.0000000000000
27.052000000000	0.21419160281596	-0.57364888338893	491.28036155414	0.0000000000000
27.058000000000	0.21167336895284	-0.57445726543183	491.20209878418	0.0000000000000
27.064000000000	0.20915244927962	-0.57525445523042	491.12383601421	0.0000000000000
27.070000000000	0.20662889339015	-0.57604044614500	491.04557324424	0.0000000000000
27.076000000000	0.20410275088168	-0.57681523175200	490.96731047428	0.0000000000000
27.082000000000	0.20157407135394	-0.57757880584384	490.88904770431	0.0000000000000
27.088000000000	0.19904290440831	-0.57833116242884	490.81078493434	0.0000000000000
27.094000000000	0.19650929964690	-0.57907229573121	490.73252216437	0.0000000000000
27.100000000000	0.19397330667172	-0.57980220019086	490.65425939441	0.0000000000000
27.106000000000	0.19143497508379	-0.58052087046338	490.57599662444	0.0000000000000
27.112000000000	0.18889435448225	-0.58122830141989	490.49773385447	0.0000000000000
27.118000000000	0.18635149446353	-0.58192448814700	490.41947108451	0.0000000000000
27.124000000000	0.18380644462043	-0.58260942594666	490.34120831454	0.0000000000000
27.130000000000	0.18125925454128	-0.58328311033607	490.26294554457	0.0000000000000
27.136000000000	0.17870997380908	-0.58394553704759	490.18468277460	0.0000000000000
27.142000000000	0.17615865200060	-0.58459670202862	490.10642000464	0.0000000000000
27.148000000000	0.17360533868552	-0.58523660144145	490.02815723467	0.0000000000000
27.154000000000	0.17105008342558	-0.58586523166323	489.94989446470	0.0000000000000
27.160000000000	0.16849293577370	-0.58648258928577	489.87163169474	0.0000000000000
27.166000000000	0.16593394527310	-0.58708867111545	489.79336892477	0.0000000000000
27.172000000000	0.16337316145647	-0.58768347417313	489.71510615480	0.0000000000000
27.178000000000	0.16081063384505	-0.58826699569395	489.63684338484	0.0000000000000
27.184000000000	0.15824641194781	-0.58883923312729	489.55858061487	0.0000000000000
27.190000000000	0.15568054526058	-0.58940018413654	489.48031784490	0.0000000000000
27.196000000000	0.15311308326514	-0.58994984659908	489.40205507493	0.0000000000000
27.202000000000	0.15054407542843	-0.59048821860602	489.32379230497	0.0000000000000
27.208000000000	0.14797357120162	-0.59101529846217	489.24552953500	0.0000000000000
27.214000000000	0.14540162001929	-0.59153108468582	489.16726676503	0.0000000000000
27.220000000000	0.14282827129853	-0.59203557600864	489.08900399507	0.0000000000000
27.226000000000	0.14025357443813	-0.59252877137551	489.01074122510	0.0000000000000
27.232000000000	0.13767757881766	-0.59301066994438	488.93247845513	0.0000000000000
27.238000000000	0.13510033379665	-0.59348127108611	488.85421568517	0.0000000000000
27.244000000000	0.13252188871372	-0.59394057438431	488.77595291520	0.0000000000000
27.250000000000	0.12994229288571	-0.59438857963520	488.69769014523	0.0000000000000
27.256000000000	0.12736159560682	-0.59482528684742	488.61942737526	0.0000000000000
27.262000000000	0.12477984614779	-0.59525069624190	488.54116460530	0.0000000000000
27.268000000000	0.12219709375497	-0.59566480825164	488.46290183533	0.0000000000000
27.274000000000	0.11961338764952	-0.59606762352162	488.38463906536	0.0000000000000
27.280000000000	0.11702877702655	-0.59645914290854	488.30637629540	0.0000000000000
27.286000000000	0.11444331105423	-0.59683936748071	488.22811352543	0.0000000000000
27.292000000000	0.11185703887296	-0.59720829851782	488.14985075546	0.0000000000000
27.298000000000	0.10927000959450	-0.59756593751082	488.07158798549	0.0000000000000
27.304000000000	0.10668227230112	-0.59791228616167	487.99332521553	0.0000000000000
27.310000000000	0.10409387604477	-0.59824734638320	487.91506244556	0.0000000000000
27.316000000000	0.10150486984618	-0.59857112029890	487.83679967559	0.0000000000000
27.322000000000	0.098915302694025	-0.59888361024273	487.75853690563	0.0000000000000
27.328000000000	0.096325223544097	-0.59918481875894	487.68027413566	0.0000000000000
27.334000000000	0.093734681318421	-0.59947474860183	487.60201136569	0.0000000000000
27.340000000000	0.091143724904412	-0.59975340273560	487.52374859573	0.0000000000000
27.346000000000	0.088552403154029	-0.60002078433412	487.45565379828	0.0000000000000
27.352000000000	0.085960764882921	-0.60027689678072	487.38755900083	0.0000000000000
27.358000000000	0.083368858869571	-0.60052174366799	487.31946420338	0.0000000000000
27.364000000000	0.080776733854458	-0.60075532879757	487.25136940593	0.0000000000000
27.370000000000	0.078184438539195	-0.60097765617993	487.18327460849	0.0000000000000
27.376000000000	0.075592021585689	-0.60118873003415	487.11517981104	0.0000000000000
27.382000000000	0.072999531615292	-0.60138855478768	487.04708501359	0.0000000000000
27.388000000000	0.070407017207944	-0.60157713507618	486.97899021614	0.0000000000000
27.394000000000	0.067814526901341	-0.60175447574320	486.91089541869	0.0000000000000
27.400000000000	0.065222109190075	-0.60192058184005	486.84280062125	0.0000000000000
27.406000000000	0.062629812524796	-0.60207545862548	486.77470582380	0.0000000000000
27.412000000000	0.060037685311364	-0.60221911156550	486.70661102635	0.0000000000000
27.418000000000	0.057445775910003	-0.60235154633312	486.63851622890	0.0000000000000
27.424000000000	0.054854132634456	-0.60247276880813	486.57042143145	0.0000000000000
27.430000000000	0.052262803751146	-0.60258278507681	486.50232663401	0.0000000000000
27.436000000000	0.049671837478327	-0.60268160143172	486.43423183656	0.0000000000000
27.442000000000	0.047081281985246	-0.60276922437147	486.36613703911	0.0000000000000
27.448000000000	0.044491185391296	-0.60284566060040	486.29804224166	0.0000000000000
27.454000000000	0.041901595765178	-0.60291091702839	486.22994744421	0.0000000000000
27.460000000000	0.039312561124061	-0.60296500077057	486.16185264677	0.0000000000000
27.466000000000	0.036724129432737	-0.60300791914705	486.09375784932	0.0000000000000
27.472000000000	0.034136348602787	-0.60303967968268	486.02566305187	0.0000000000000
27.478000000000	0.031549266491735	-0.60306029010677	485.95756825442	0.0000000000000
27.484000000000	0.028962930902217	-0.60306975835282	485.88947345698	0.0000000000000
27.490000000000	0.026377389581136	-0.60306809255825	485.82137865953	0.0000000000000
27.496000000000	0.023792690218830	-0.60305530106409	485.75328386208	0.0000000000000
27.502000000000	0.021208880448235	-0.60303139241478	485.68518906463	0.0000000000000
27.508000000000	0.018626007844038	-0.60299637535780	485.61709426718	0.0000000000000
27.514000000000	0.016044119921860	-0.60295025884342	485.54899946974	0.0000000000000
27.520000000000	0.013463264137407	-0.60289305202444	485.48090467229	0.0000000000000
27.526000000000	0.010883487885641	-0.60282476425585	485.41280987484	0.0000000000000
27.532000000000	0.0083048384999443	-0.60274540509455	485.34471507739	0.0000000000000
27.538000000000	0.0057273632512887	-0.60265498429908	485.27662027994	0.0000000000000
27.544000000000	0.0031511093474011	-0.60255351182929	485.20852548250	0.0000000000000
27.550000000000	0.00057612393193345	-0.60244099784602	485.14043068505	0.0000000000000
27.556000000000	-0.0019975459163697	-0.60231745271084	485.07233588760	0.0000000000000
27.562000000000	-0.0045698531845010	-0.60218288698571	485.00424109015	0.0000000000000
27.568000000000	-0.0071407509260192	-0.60203731143268	484.93614629270	0.0000000000000
27.574000000000	-0.0097101922618783	-0.60188073701355	484.86805149526	0.0000000000000
27.580000000000	-0.012278130381260	-0.60171317488956	484.79995669781	0.0000000000000
27.586000000000	-0.014844518542396	-0.60153463642111	484.73186190036	0.0000000000000
27.592000000000	-0.017409310073394	-0.60134513316736	484.66376710291	0.0000000000000
27.598000000000	-0.019972458373070	-0.60114467688595	484.59567230546	0.0000000000000
27.604000000000	-0.022533916911771	-0.60093327953266	484.52757750802	0.0000000000000
27.610000000000	-0.025093639232197	-0.60071095326108	484.45948271057	0.0000000000000
27.616000000000	-0.027651578950229	-0.60047771042224	484.39138791312	0.0000000000000
27.622000000000	-0.030207689755749	-0.60023356356432	484.32329311567	0.0000000000000
27.628000000000	-0.032761925413466	-0.59997852543224	484.25519831823	0.0000000000000
27.634000000000	-0.035314239763735	-0.59971260896738	484.18710352078	0.0000000000000
27.640000000000	-0.037864586723381	-0.59943582730719	484.11900872333	0.0000000000000
27.646000000000	-0.040412920286513	-0.59914819378483	484.05091392588	0.0000000000000
27.652000000000	-0.042959194525352	-0.59884972192884	483.98281912843	0.0000000000000
27.658000000000	-0.045503363591043	-0.59854042546275	483.91472433099	0.0000000000000
27.664000000000	-0.048045381714477	-0.59822031830473	483.84662953354	0.0000000000000
27.670000000000	-0.050585203207102	-0.59788941456725	483.77853473609	0.0000000000000
27.676000000000	-0.053122782461749	-0.59754772855664	483.71043993864	0.0000000000000
27.682000000000	-0.055658073953438	-0.59719527477279	483.64234514119	0.0000000000000
27.688000000000	-0.058191032240195	-0.59683206790873	483.57425034375	0.0000000000000
27.694000000000	-0.060721611963873	-0.59645812285024	483.50615554630	0.0000000000000
27.700000000000	-0.063249767850953	-0.59607345467553	483.43806074885	0.0000000000000
27.706000000000	-0.065775454713361	-0.59567807865477	483.36996595140	0.0000000000000
27.712000000000	-0.068298627449284	-0.59527201024975	483.30187115395	0.0000000000000
27.718000000000	-0.070819241043971	-0.59485526511348	483.23377635651	0.0000000000000
27.724000000000	-0.073337250570550	-0.59442785908979	483.16568155906	0.0000000000000
27.730000000000	-0.075852611190830	-0.59398980821291	483.09758676161	0.0000000000000
27.736000000000	-0.078365278156113	-0.59354112870709	483.02949196416	0.0000000000000
27.742000000000	-0.080875206807998	-0.59308183698621	482.96139716671	0.0000000000000
27.748000000000	-0.083382352579186	-0.59261194965331	482.89330236927	0.0000000000000
27.754000000000	-0.085886670994287	-0.59213148350023	482.82520757182	0.0000000000000
27.760000000000	-0.088388117670619	-0.59164045550716	482.75711277437	0.0000000000000
27.766000000000	-0.090886648319016	-0.59113888284226	482.68901797692	0.0000000000000
27.772000000000	-0.093382218744624	-0.59062678286118	482.62092317948	0.0000000000000
27.778000000000	-0.095874784847705	-0.59010417310668	482.55282838203	0.0000000000000
27.784000000000	-0.098364302624432	-0.58957107130817	482.48473358458	0.0000000000000
27.790000000000	-0.10085072816769	-0.58902749538129	482.41663878713	0.0000000000000
27.796000000000	-0.10333401766788	-0.58847346342746	482.34854398968	0.0000000000000
27.802000000000	-0.10581412741371	-0.58790899373346	482.28044919224	0.0000000000000
27.808000000000	-0.10829101379296	-0.58733410477096	482.21235439479	0.0000000000000
27.814000000000	-0.11076463329334	-0.58674881519609	482.14425959734	0.0000000000000
27.820000000000	-0.11323494250324	-0.58615314384898	482.07616479989	0.0000000000000
27.826000000000	-0.11570189811250	-0.58554710975330	482.00807000244	0.0000000000000
27.832000000000	-0.11816545691325	-0.58493073211580	481.93997520500	0.0000000000000
27.838000000000	-0.12062557580069	-0.58430403032589	481.87188040755	0.0000000000000
27.844000000000	-0.12308221177384	-0.58366702395509	481.80378561010	0.0000000000000
27.850000000000	-0.12553532193637	-0.58301973275665	481.73569081265	0.0000000000000
27.856000000000	-0.12798486349735	-0.58236217666501	481.66759601520	0.0000000000000
27.862000000000	-0.13043079377207	-0.58169437579536	481.59950121776	0.0000000000000
27.868000000000	-0.13287307018279	-0.58101635044316	481.53140642031	0.0000000000000
27.874000000000	-0.13531165025956	-0.58032812108361	481.46331162286	0.0000000000000
27.880000000000	-0.13774649164093	-0.57962970837124	481.39521682541	0.0000000000000
27.886000000000	-0.14017755207484	-0.57892113313937	481.32712202796	0.0000000000000
27.892000000000	-0.14260478941928	-0.57820241639959	481.25902723052	0.0000000000000
27.898000000000	-0.14502816164314	-0.57747357934134	481.19093243307	0.0000000000000
27.904000000000	-0.14744762682697	-0.57673464333134	481.12283763562	0.0000000000000
27.910000000000	-0.14986314316374	-0.57598562991311	481.05474283817	0.0000000000000
27.916000000000	-0.15227466895963	-0.57522656080647	480.98664804073	0.0000000000000
27.922000000000	-0.15468216263477	-0.57445745790700	480.91855324328	0.0000000000000
27.928000000000	-0.15708558272406	-0.57367834328557	480.85045844583	0.0000000000000
27.934000000000	-0.15948488787789	-0.57288923918775	480.78236364838	0.0000000000000
27.940000000000	-0.16188003686293	-0.57209016803338	480.71426885093	0.0000000000000
27.946000000000	-0.16427098856289	-0.57128115241595	480.64617405349	0.0000000000000
27.952000000000	-0.16665770197928	-0.57046221510212	480.57807925604	0.0000000000000
27.958000000000	-0.16904013623217	-0.56963337903120	480.50998445859	0.0000000000000
27.964000000000	-0.17141825056097	-0.56879466731455	480.44188966114	0.0000000000000
27.970000000000	-0.17379200432516	-0.56794610323512	480.37379486369	0.0000000000000
27.976000000000	-0.17616135700507	-0.56708771024681	480.30570006625	0.0000000000000
27.982000000000	-0.17852626820262	-0.56621951197402	480.23760526880	0.0000000000000
27.988000000000	-0.18088669764207	-0.56534153221103	480.16951047135	0.0000000000000
27.994000000000	-0.18324260517081	-0.56445379492145	480.10141567390	0.0000000000000
28.000000000000	-0.18559395076005	-0.56355632423770	480.03332087645	0.0000000000000
