#Parameters = {Epsilon=3; a=8.636; b=4.318; d_new=2; d_odj=74.4; h=1; l=26; l_old=26; tg_delta=0.01}
#"Frequency / GHz"	"S1,2 [Re]"	"S1,2 [Im]"
#-----------------------------------------
22.000000000000	-0.56798830196220	-0.38461884137379
22.006000000000	-0.57027212019294	-0.38151014073586
22.012000000000	-0.57253811198341	-0.37838881332650
22.018000000000	-0.57478621158567	-0.37525496699685
22.024000000000	-0.57701635395953	-0.37210870989470
22.030000000000	-0.57922847477309	-0.36895015045947
22.036000000000	-0.58142251040332	-0.36577939741716
22.042000000000	-0.58359839793654	-0.36259655977538
22.048000000000	-0.58575607516892	-0.35940174681835
22.054000000000	-0.58789548060688	-0.35619506810193
22.060000000000	-0.59001655346749	-0.35297663344865
22.066000000000	-0.59211923367885	-0.34974655294278
22.072000000000	-0.59420346188041	-0.34650493692536
22.078000000000	-0.59626917942325	-0.34325189598934
22.084000000000	-0.59831632837037	-0.33998754097463
22.090000000000	-0.60034485149686	-0.33671198296321
22.096000000000	-0.60235469229015	-0.33342533327428
22.102000000000	-0.60434579495011	-0.33012770345939
22.108000000000	-0.60631810438922	-0.32681920529759
22.114000000000	-0.60827156623263	-0.32349995079061
22.120000000000	-0.61020612681823	-0.32017005215804
22.126000000000	-0.61212173319667	-0.31682962183255
22.132000000000	-0.61401833313136	-0.31347877245508
22.138000000000	-0.61589587509841	-0.31011761687010
22.144000000000	-0.61775430828660	-0.30674626812085
22.150000000000	-0.61959358259723	-0.30336483944463
22.156000000000	-0.62141364864403	-0.29997344426803
22.162000000000	-0.62321445775297	-0.29657219620232
22.168000000000	-0.62499596196209	-0.29316120903867
22.174000000000	-0.62675811402125	-0.28974059674357
22.180000000000	-0.62850086739190	-0.28631047345415
22.186000000000	-0.63022417624679	-0.28287095347352
22.192000000000	-0.63192799546965	-0.27942215126622
22.198000000000	-0.63361228065487	-0.27596418145359
22.204000000000	-0.63527698810714	-0.27249715880919
22.210000000000	-0.63692207484100	-0.26902119825426
22.216000000000	-0.63854749858048	-0.26553641485319
22.222000000000	-0.64015321775862	-0.26204292380895
22.228000000000	-0.64173919151699	-0.25854084045865
22.234000000000	-0.64330537970519	-0.25503028026901
22.240000000000	-0.64485174288030	-0.25151135883191
22.246000000000	-0.64637824230638	-0.24798419185995
22.252000000000	-0.64788483995381	-0.24444889518200
22.258000000000	-0.64937149849873	-0.24090558473882
22.264000000000	-0.65083818132237	-0.23735437657865
22.270000000000	-0.65228485251043	-0.23379538685284
22.276000000000	-0.65371147685236	-0.23022873181148
22.282000000000	-0.65511801984067	-0.22665452779911
22.288000000000	-0.65650444767019	-0.22307289125038
22.294000000000	-0.65787072723729	-0.21948393868573
22.300000000000	-0.65921682613915	-0.21588778670717
22.306000000000	-0.66054271267288	-0.21228455199397
22.312000000000	-0.66184835583477	-0.20867435129845
22.318000000000	-0.66313372531937	-0.20505730144178
22.324000000000	-0.66439879151866	-0.20143351930973
22.330000000000	-0.66564352552115	-0.19780312184855
22.336000000000	-0.66686789911092	-0.19416622606076
22.342000000000	-0.66807188476673	-0.19052294900105
22.348000000000	-0.66925545566103	-0.18687340777216
22.354000000000	-0.67041858565897	-0.18321771952073
22.360000000000	-0.67156124931743	-0.17955600143329
22.366000000000	-0.67268342188395	-0.17588837073217
22.372000000000	-0.67378507929571	-0.17221494467143
22.378000000000	-0.67486619817845	-0.16853584053290
22.384000000000	-0.67592675584543	-0.16485117562213
22.390000000000	-0.67696673029623	-0.16116106726445
22.396000000000	-0.67798610021571	-0.15746563280097
22.402000000000	-0.67898484497284	-0.15376498958468
22.408000000000	-0.67996294461952	-0.15005925497649
22.414000000000	-0.68092037988942	-0.14634854634136
22.420000000000	-0.68185713219674	-0.14263298104443
22.426000000000	-0.68277318363504	-0.13891267644713
22.432000000000	-0.68366851697599	-0.13518774990333
22.438000000000	-0.68454311566808	-0.13145831875558
22.444000000000	-0.68539696383540	-0.12772450033126
22.450000000000	-0.68623004627630	-0.12398641193881
22.456000000000	-0.68704234846212	-0.12024417086398
22.462000000000	-0.68783385653585	-0.11649789436608
22.468000000000	-0.68860455731079	-0.11274769967428
22.474000000000	-0.68935443826921	-0.10899370398388
22.480000000000	-0.69008348756094	-0.10523602445267
22.486000000000	-0.69079169400204	-0.10147477819723
22.492000000000	-0.69147904707333	-0.097710082289309
22.498000000000	-0.69214553691902	-0.093942053752224
22.504000000000	-0.69279115434526	-0.090170809557226
22.510000000000	-0.69341589081866	-0.086396466619941
22.516000000000	-0.69401973846490	-0.082619141796810
22.522000000000	-0.69460269006716	-0.078838951881536
22.528000000000	-0.69516473906471	-0.075056013601579
22.534000000000	-0.69570587955133	-0.071270443614647
22.540000000000	-0.69622610627386	-0.067482358505217
22.546000000000	-0.69672541463059	-0.063691874781073
22.552000000000	-0.69720380066977	-0.059899108869867
22.558000000000	-0.69766126108805	-0.056104177115693
22.564000000000	-0.69809779322883	-0.052307195775689
22.570000000000	-0.69851339508077	-0.048508281016653
22.576000000000	-0.69890806527614	-0.044707548911677
22.582000000000	-0.69928180308918	-0.040905115436805
22.588000000000	-0.69963460843455	-0.037101096467710
22.594000000000	-0.69996648186562	-0.033295607776387
22.600000000000	-0.70027742457287	-0.029488765027867
22.606000000000	-0.70056743838219	-0.025680683776951
22.612000000000	-0.70083652575324	-0.021871479464963
22.618000000000	-0.70108468977776	-0.018061267416516
22.624000000000	-0.70131193417784	-0.014250162836314
22.630000000000	-0.70151826330427	-0.010438280805952
22.636000000000	-0.70170353464977	-0.0066402814104926
22.642000000000	-0.70186805907493	-0.0028417412749388
22.648000000000	-0.70201184283383	0.00095722620203367
22.654000000000	-0.70213489279285	0.0047565077568650
22.660000000000	-0.70223721642893	0.0085559902641457
22.666000000000	-0.70231882182780	0.012355560739626
22.672000000000	-0.70237971768222	0.016155106343217
22.678000000000	-0.70241991329022	0.019954514381961
22.684000000000	-0.70243941855330	0.023753672312999
22.690000000000	-0.70243824397464	0.027552467746503
22.696000000000	-0.70241640065732	0.031350788448606
22.702000000000	-0.70237390030250	0.035148522344302
22.708000000000	-0.70231075520760	0.038945557520333
22.714000000000	-0.70222697826448	0.042741782228065
22.720000000000	-0.70212258295758	0.046537084886326
22.726000000000	-0.70199758336213	0.050331354084251
22.732000000000	-0.70185199414225	0.054124478584093
22.738000000000	-0.70168583054914	0.057916347324020
22.744000000000	-0.70149910841917	0.061706849420898
22.750000000000	-0.70129184417202	0.065495874173053
22.756000000000	-0.70106405480881	0.069283311063017
22.762000000000	-0.70081575791024	0.073069049760257
22.768000000000	-0.70054697163460	0.076852980123884
22.774000000000	-0.70025771471600	0.080634992205347
22.780000000000	-0.69994800646234	0.084414976251117
22.786000000000	-0.69961786675347	0.088192822705336
22.792000000000	-0.69926731603925	0.091968422212468
22.798000000000	-0.69889637533760	0.095741665619923
22.804000000000	-0.69850506623260	0.099512443980663
22.810000000000	-0.69809341087252	0.10328064855581
22.816000000000	-0.69766143196788	0.10704617081719
22.822000000000	-0.69720915278950	0.11080890244992
22.828000000000	-0.69673659716653	0.11456873535497
22.834000000000	-0.69624378948453	0.11832556165162
22.840000000000	-0.69573075468340	0.12207927368005
22.846000000000	-0.69519751825553	0.12582976400378
22.852000000000	-0.69464410624370	0.12957692541217
22.858000000000	-0.69407054523916	0.13332065092289
22.864000000000	-0.69347686237964	0.13706083378433
22.870000000000	-0.69286308534731	0.14079736747809
22.876000000000	-0.69222924236679	0.14453014572133
22.882000000000	-0.69157536220317	0.14825906246922
22.888000000000	-0.69090147415996	0.15198401191729
22.894000000000	-0.69020760807709	0.15570488850381
22.900000000000	-0.68949379432888	0.15942158691215
22.906000000000	-0.68876006382201	0.16313400207309
22.912000000000	-0.68800644799349	0.16684202916717
22.918000000000	-0.68723297880863	0.17054556362699
22.924000000000	-0.68643968875899	0.17424450113950
22.930000000000	-0.68562661086032	0.17793873764825
22.936000000000	-0.68479377865052	0.18162816935568
22.942000000000	-0.68394122618761	0.18531269272537
22.948000000000	-0.68306898804763	0.18899220448425
22.954000000000	-0.68217709932261	0.19266660162481
22.960000000000	-0.68126559561846	0.19633578140735
22.966000000000	-0.68033451305296	0.19999964136210
22.972000000000	-0.67938388825362	0.20365807929144
22.978000000000	-0.67841375835565	0.20731099327204
22.984000000000	-0.67742416099986	0.21095828165699
22.990000000000	-0.67641513433056	0.21459984307796
22.996000000000	-0.67538671699350	0.21823557644731
23.002000000000	-0.67433894813375	0.22186538096015
23.008000000000	-0.67327186739361	0.22548915609647
23.014000000000	-0.67218551491051	0.22910680162320
23.020000000000	-0.67107993131493	0.23271821759625
23.026000000000	-0.66995515772824	0.23632330436259
23.032000000000	-0.66881123576064	0.23992196256225
23.038000000000	-0.66764820750903	0.24351409313034
23.044000000000	-0.66646611555488	0.24709959729908
23.050000000000	-0.66526500296213	0.25067837659973
23.056000000000	-0.66404491327505	0.25425033286466
23.062000000000	-0.66280589051613	0.25781536822921
23.068000000000	-0.66154797918396	0.26137338513371
23.074000000000	-0.66027122425104	0.26492428632539
23.080000000000	-0.65897567116173	0.26846797486029
23.086000000000	-0.65766136583006	0.27200435410522
23.092000000000	-0.65632835463759	0.27553332773957
23.098000000000	-0.65497668443130	0.27905479975729
23.104000000000	-0.65360640252140	0.28256867446869
23.110000000000	-0.65221755667923	0.28607485650231
23.116000000000	-0.65081019513507	0.28957325080680
23.122000000000	-0.64938436657600	0.29306376265270
23.128000000000	-0.64794012014378	0.29654629763431
23.134000000000	-0.64647750543262	0.30002076167147
23.140000000000	-0.64499657248708	0.30348706101132
23.146000000000	-0.64349737179988	0.30694510223015
23.152000000000	-0.64197995430976	0.31039479223512
23.158000000000	-0.64044437139927	0.31383603826604
23.164000000000	-0.63889067489264	0.31726874789709
23.170000000000	-0.63731891705359	0.32069282903858
23.176000000000	-0.63572915058316	0.32410818993862
23.182000000000	-0.63412142861754	0.32751473918491
23.188000000000	-0.63249580472587	0.33091238570635
23.194000000000	-0.63085233290809	0.33430103877476
23.200000000000	-0.62919106759274	0.33768060800657
23.206000000000	-0.62751206363476	0.34105100336444
23.212000000000	-0.62581537631334	0.34441213515893
23.218000000000	-0.62410106132970	0.34776391405012
23.224000000000	-0.62236917480492	0.35110625104925
23.230000000000	-0.62061977327774	0.35443905752033
23.236000000000	-0.61885291370235	0.35776224518172
23.242000000000	-0.61706865344622	0.36107572610775
23.248000000000	-0.61526705028788	0.36437941273024
23.254000000000	-0.61344816241473	0.36767321784015
23.260000000000	-0.61161204842084	0.37095705458905
23.266000000000	-0.60975876730475	0.37423083649071
23.272000000000	-0.60788837846722	0.37749447742263
23.278000000000	-0.60600094170910	0.38074789162754
23.284000000000	-0.60409651722906	0.38399099371490
23.290000000000	-0.60217516562139	0.38722369866242
23.296000000000	-0.60023694787381	0.39044592181755
23.302000000000	-0.59828192536523	0.39365757889894
23.308000000000	-0.59631015986355	0.39685858599788
23.314000000000	-0.59432171352343	0.40004885957981
23.320000000000	-0.59231664888406	0.40322831648570
23.326000000000	-0.59029502886698	0.40639687393351
23.332000000000	-0.58825691677381	0.40955444951963
23.338000000000	-0.58620237628406	0.41270096122024
23.344000000000	-0.58413147145287	0.41583632739274
23.350000000000	-0.58204426670883	0.41896046677713
23.356000000000	-0.57994082685168	0.42207329849736
23.362000000000	-0.57782121705016	0.42517474206276
23.368000000000	-0.57568550283970	0.42826471736931
23.374000000000	-0.57353375012025	0.43134314470106
23.380000000000	-0.57136602515401	0.43440994473138
23.386000000000	-0.56918239456318	0.43746503852438
23.392000000000	-0.56698292532776	0.44050834753613
23.398000000000	-0.56476768478328	0.44353979361603
23.404000000000	-0.56253674061857	0.44655929900805
23.410000000000	-0.56029016087350	0.44956678635203
23.416000000000	-0.55802801393677	0.45256217868497
23.422000000000	-0.55575036854363	0.45554539944224
23.428000000000	-0.55345729377362	0.45851637245888
23.434000000000	-0.55114885904839	0.46147502197080
23.440000000000	-0.54882513412935	0.46442127261601
23.446000000000	-0.54648618911551	0.46735504943589
23.452000000000	-0.54413209444117	0.47027627787629
23.458000000000	-0.54176292087368	0.47318488378886
23.464000000000	-0.53937873951117	0.47608079343211
23.470000000000	-0.53697962178033	0.47896393347268
23.476000000000	-0.53456563943411	0.48183423098646
23.482000000000	-0.53213686454948	0.48469161345973
23.488000000000	-0.52969336952515	0.48753600879037
23.494000000000	-0.52723522707934	0.49036734528892
23.500000000000	-0.52476251024746	0.49318555167975
23.506000000000	-0.52227529237991	0.49599055710217
23.512000000000	-0.51977364713976	0.49878229111153
23.518000000000	-0.51725764850050	0.50156068368031
23.524000000000	-0.51472737074376	0.50432566519919
23.530000000000	-0.51218288845707	0.50707716647816
23.536000000000	-0.50962427653153	0.50981511874757
23.542000000000	-0.50705161015960	0.51253945365917
23.548000000000	-0.50446496483276	0.51525010328718
23.554000000000	-0.50186441633930	0.51794700012928
23.560000000000	-0.49925004076197	0.52063007710769
23.566000000000	-0.49662191447576	0.52329926757016
23.572000000000	-0.49398011414559	0.52595450529095
23.578000000000	-0.49132471672402	0.52859572447186
23.584000000000	-0.48865579944899	0.53122285974321
23.590000000000	-0.48597343984152	0.53383584616479
23.596000000000	-0.48327771570343	0.53643461922685
23.602000000000	-0.48056870511504	0.53901911485104
23.608000000000	-0.47784648643290	0.54158926939137
23.614000000000	-0.47511113828749	0.54414501963513
23.620000000000	-0.47236273958092	0.54668630280381
23.626000000000	-0.46960136948466	0.54921305655405
23.632000000000	-0.46682710743722	0.55172521897850
23.638000000000	-0.46404003314188	0.55422272860674
23.644000000000	-0.46124022656438	0.55670552440617
23.650000000000	-0.45842776793060	0.55917354578288
23.656000000000	-0.45560273772433	0.56162673258250
23.662000000000	-0.45276521668489	0.56406502509108
23.668000000000	-0.44991528580488	0.56648836403593
23.674000000000	-0.44705302632787	0.56889669058645
23.680000000000	-0.44417851974609	0.57128994635495
23.686000000000	-0.44129184779811	0.57366807339748
23.692000000000	-0.43839309246657	0.57603101421464
23.698000000000	-0.43548233597585	0.57837871175238
23.704000000000	-0.43255966078977	0.58071110940276
23.710000000000	-0.42962514960927	0.58302815100474
23.716000000000	-0.42667888537012	0.58532978084497
23.722000000000	-0.42372095124059	0.58761594365852
23.728000000000	-0.42075143061916	0.58988658462965
23.734000000000	-0.41777040713219	0.59214164939253
23.740000000000	-0.41477796463161	0.59438108403196
23.746000000000	-0.41177418719260	0.59660483508414
23.752000000000	-0.40877179909381	0.59880420994852
23.758000000000	-0.40575833735177	0.60098792314010
23.764000000000	-0.40273388569845	0.60315592325310
23.770000000000	-0.39969852807547	0.60530815932873
23.776000000000	-0.39665234863183	0.60744458085586
23.782000000000	-0.39359543172165	0.60956513777166
23.788000000000	-0.39052786190184	0.61166978046222
23.794000000000	-0.38744972392992	0.61375845976317
23.800000000000	-0.38436110276167	0.61583112696029
23.806000000000	-0.38126208354886	0.61788773379011
23.812000000000	-0.37815275163702	0.61992823244050
23.818000000000	-0.37503319256312	0.62195257555123
23.824000000000	-0.37190349205330	0.62396071621460
23.830000000000	-0.36876373602061	0.62595260797591
23.836000000000	-0.36561401056271	0.62792820483411
23.842000000000	-0.36245440195959	0.62988746124225
23.848000000000	-0.35928499667130	0.63183033210809
23.854000000000	-0.35610588133567	0.63375677279458
23.860000000000	-0.35291714276602	0.63566673912036
23.866000000000	-0.34971886794889	0.63756018736030
23.872000000000	-0.34651114404172	0.63943707424599
23.878000000000	-0.34329405837062	0.64129735696619
23.884000000000	-0.34006769842805	0.64314099316734
23.890000000000	-0.33683215187054	0.64496794095400
23.896000000000	-0.33358750651641	0.64677815888933
23.902000000000	-0.33033385034349	0.64857160599550
23.908000000000	-0.32707127148682	0.65034824175417
23.914000000000	-0.32379985823636	0.65210802610686
23.920000000000	-0.32051969903474	0.65385091945544
23.926000000000	-0.31723088247493	0.65557688266246
23.932000000000	-0.31393349729796	0.65728587705160
23.938000000000	-0.31062763239064	0.65897786440803
23.944000000000	-0.30731337678330	0.66065280697878
23.950000000000	-0.30399081964742	0.66231066747316
23.956000000000	-0.30066005029345	0.66395140906304
23.962000000000	-0.29732115816842	0.66557499538327
23.968000000000	-0.29397423285373	0.66718139053196
23.974000000000	-0.29061936406278	0.66877055907084
23.980000000000	-0.28725664163877	0.67034246602559
23.986000000000	-0.28388615555234	0.67189707688610
23.992000000000	-0.28050799589930	0.67343435760683
23.998000000000	-0.27712225289837	0.67495427460705
24.004000000000	-0.27372901688884	0.67645679477113
24.010000000000	-0.27032837832831	0.67794188544884
24.016000000000	-0.26692042779039	0.67940951445556
24.022000000000	-0.26350525596243	0.68085965007257
24.028000000000	-0.26008295364320	0.68229226104727
24.034000000000	-0.25665361174061	0.68370731659341
24.040000000000	-0.25321732126943	0.68510478639132
24.046000000000	-0.24977417334898	0.68648464058810
24.052000000000	-0.24632425920088	0.68784684979785
24.058000000000	-0.24286767014671	0.68919138510183
24.064000000000	-0.23940449760576	0.69051821804864
24.070000000000	-0.23593483309271	0.69182732065444
24.076000000000	-0.23245876821537	0.69311866540302
24.082000000000	-0.22897639467237	0.69439222524605
24.088000000000	-0.22548780425090	0.69564797360313
24.094000000000	-0.22199308882439	0.69688588436200
24.100000000000	-0.21849234035023	0.69810593187858
24.106000000000	-0.21498565086751	0.69930809097716
24.112000000000	-0.21147311249469	0.70049233695042
24.118000000000	-0.20795481742737	0.70165864555960
24.124000000000	-0.20443085793594	0.70280699303451
24.130000000000	-0.20090132636336	0.70393735607364
24.136000000000	-0.19736631512283	0.70504971184420
24.142000000000	-0.19382591669554	0.70614403798220
24.148000000000	-0.19028022362834	0.70722031259244
24.154000000000	-0.18672932853153	0.70827851424858
24.160000000000	-0.18317332407652	0.70931862199314
24.166000000000	-0.17961230299356	0.71034061533753
24.172000000000	-0.17604635806949	0.71134447426201
24.178000000000	-0.17247558214545	0.71233017921571
24.184000000000	-0.16890006811457	0.71329771111660
24.190000000000	-0.16531990891975	0.71424705135147
24.196000000000	-0.16173519755134	0.71517818177587
24.202000000000	-0.15814602704490	0.71609108471405
24.208000000000	-0.15455249047888	0.71698574295893
24.214000000000	-0.15095468097241	0.71786213977201
24.220000000000	-0.14735269168299	0.71872025888328
24.226000000000	-0.14374661580423	0.71956008449113
24.232000000000	-0.14013654656358	0.72038160126228
24.238000000000	-0.13652257722008	0.72118479433162
24.244000000000	-0.13290480106207	0.72196964930209
24.250000000000	-0.12928331140494	0.72273615224459
24.256000000000	-0.12565820158887	0.72348428969780
24.262000000000	-0.12202956497657	0.72421404866804
24.268000000000	-0.11839749495103	0.72492541662909
24.274000000000	-0.11476208491323	0.72561838152203
24.280000000000	-0.11112342827991	0.72629293175506
24.286000000000	-0.10748161848133	0.72694905620329
24.292000000000	-0.10383674895898	0.72758674420855
24.298000000000	-0.10018891316337	0.72820598557916
24.304000000000	-0.096538204551746	0.72880677058971
24.310000000000	-0.092884716585875	0.72938908998083
24.316000000000	-0.089228542729772	0.72995293495894
24.322000000000	-0.085569776447478	0.73049829719600
24.328000000000	-0.081908511200815	0.73102516882923
24.334000000000	-0.078244840447142	0.73153354246083
24.340000000000	-0.074578857637126	0.73202341115773
24.346000000000	-0.070910656212501	0.73249476845124
24.352000000000	-0.067240329603842	0.73294760833679
24.358000000000	-0.063567971228334	0.73338192527357
24.364000000000	-0.059893674487541	0.73379771418425
24.370000000000	-0.056217532765191	0.73419497045458
24.376000000000	-0.052539639424942	0.73457368993312
24.382000000000	-0.048860087808167	0.73493386893080
24.388000000000	-0.045178971231745	0.73527550422061
24.394000000000	-0.041496382985826	0.73559859303719
24.400000000000	-0.037812416331642	0.73590313307646
24.406000000000	-0.034127164499282	0.73618912249521
24.412000000000	-0.030440720685492	0.73645655991068
24.418000000000	-0.026753178051470	0.73670544440016
24.424000000000	-0.023064629720663	0.73693577550055
24.430000000000	-0.019375168776571	0.73714755320793
24.436000000000	-0.015684888260550	0.73734077797709
24.442000000000	-0.011993881169624	0.73751545072108
24.448000000000	-0.0083022404542885	0.73767157281075
24.454000000000	-0.0046100590163310	0.73780914607423
24.460000000000	-0.00091742970664494	0.73792817279650
24.466000000000	0.0027755546769498	0.73802865571883
24.472000000000	0.0064688013918818	0.73811059803832
24.478000000000	0.010162217753005	0.73817400340731
24.484000000000	0.013855711134763	0.73821887593294
24.490000000000	0.017549188973361	0.73824522017651
24.496000000000	0.021242558768924	0.73825304115302
24.502000000000	0.024935728087663	0.73824234433052
24.508000000000	0.028628604564023	0.73821313562962
24.514000000000	0.032321095902839	0.73816542142285
24.520000000000	0.036013109881488	0.73809920853408
24.526000000000	0.039704554352023	0.73801450423794
24.532000000000	0.043395337243329	0.73791131625918
24.538000000000	0.047085366563249	0.73778965277207
24.544000000000	0.050774550400723	0.73764952239975
24.550000000000	0.054462796927912	0.73749093421358
24.556000000000	0.058150014402332	0.73731389773253
24.562000000000	0.061836111168968	0.73711842292248
24.568000000000	0.065520995662392	0.73690452019553
24.574000000000	0.069204576408878	0.73667220040939
24.580000000000	0.072886762028516	0.73642147486661
24.586000000000	0.076567461237306	0.73615235531391
24.592000000000	0.080246582849266	0.73586485394149
24.598000000000	0.083924035778525	0.73555898338227
24.604000000000	0.087599729041415	0.73523475671117
24.610000000000	0.091273571758559	0.73489218744438
24.616000000000	0.094945473156953	0.73453128953861
24.622000000000	0.098615342572045	0.73415207739030
24.628000000000	0.10228308944980	0.73375456583490
24.634000000000	0.10594862334880	0.73333877014602
24.640000000000	0.10961185394224	0.73290470603471
24.646000000000	0.11327269102007	0.73245238964862
24.652000000000	0.11693104449100	0.73198183757119
24.658000000000	0.12058682438455	0.73149306682084
24.664000000000	0.12423994085311	0.73098609485015
24.670000000000	0.12789030417397	0.73046093954500
24.676000000000	0.13153782475136	0.72991761922376
24.682000000000	0.13518241311848	0.72935615263636
24.688000000000	0.13882397993951	0.72877655896351
24.694000000000	0.14246243601166	0.72817885781577
24.700000000000	0.14609769226713	0.72756306923265
24.706000000000	0.14972965977518	0.72692921368178
24.712000000000	0.15335824974408	0.72627731205793
24.718000000000	0.15698337352316	0.72560738568216
24.724000000000	0.16060494260474	0.72491945630084
24.730000000000	0.16422286862618	0.72421354608476
24.736000000000	0.16783706337180	0.72348967762815
24.742000000000	0.17144743877490	0.72274787394777
24.748000000000	0.17505390691971	0.72198815848192
24.754000000000	0.17865638004336	0.72121055508948
24.760000000000	0.18225477053785	0.72041508804891
24.766000000000	0.18584899095194	0.71960178205730
24.772000000000	0.18943895399320	0.71877066222934
24.778000000000	0.19302457252987	0.71792175409633
24.784000000000	0.19660575959279	0.71705508360515
24.790000000000	0.20018242837740	0.71617067711725
24.796000000000	0.20375449224558	0.71526856140760
24.802000000000	0.20732186472763	0.71434876366366
24.808000000000	0.21088445952415	0.71341131148435
24.814000000000	0.21444219050791	0.71245623287891
24.820000000000	0.21799497172583	0.71148355626594
24.826000000000	0.22154271740079	0.71049331047222
24.832000000000	0.22508534193357	0.70948552473170
24.838000000000	0.22862275990468	0.70846022868436
24.844000000000	0.23215488607627	0.70741745237511
24.850000000000	0.23568163539399	0.70635722625271
24.856000000000	0.23920292298882	0.70527958116859
24.862000000000	0.24271866417894	0.70418454837577
24.868000000000	0.24622877447160	0.70307215952770
24.874000000000	0.24973316956490	0.70194244667713
24.880000000000	0.25323176534968	0.70079544227490
24.886000000000	0.25672447791129	0.69963117916886
24.892000000000	0.26021122353147	0.69844969060262
24.898000000000	0.26369191869009	0.69725101021442
24.904000000000	0.26716648006703	0.69603517203590
24.910000000000	0.27063482454389	0.69480221049094
24.916000000000	0.27409686920586	0.69355216039444
24.922000000000	0.27755253134345	0.69228505695109
24.928000000000	0.28100172845429	0.69100093575417
24.934000000000	0.28444437824489	0.68969983278429
24.940000000000	0.28788039863240	0.68838178440820
24.946000000000	0.29130970774636	0.68704682737750
24.952000000000	0.29473222393046	0.68569499882739
24.958000000000	0.29814786574427	0.68432633627544
24.964000000000	0.30155655196496	0.68294087762028
24.970000000000	0.30495820158904	0.68153866114035
24.976000000000	0.30835273383406	0.68011972549259
24.982000000000	0.31174006814036	0.67868410971117
24.988000000000	0.31512012417271	0.67723185320617
24.994000000000	0.31849282182205	0.67576299576229
25.000000000000	0.32185808120715	0.67427757753752
25.006000000000	0.32520384167859	0.67278142279230
25.012000000000	0.32854205871365	0.67126890780275
25.018000000000	0.33187265399969	0.66974007343069
25.024000000000	0.33519554945561	0.66819496090026
25.030000000000	0.33851066723350	0.66663361179664
25.036000000000	0.34181792972022	0.66505606806469
25.042000000000	0.34511725953901	0.66346237200761
25.048000000000	0.34840857955107	0.66185256628558
25.054000000000	0.35169181285718	0.66022669391440
25.060000000000	0.35496688279921	0.65858479826414
25.066000000000	0.35823371296176	0.65692692305773
25.072000000000	0.36149222717365	0.65525311236960
25.078000000000	0.36474234950955	0.65356341062430
25.084000000000	0.36798400429143	0.65185786259508
25.090000000000	0.37121711609018	0.65013651340250
25.096000000000	0.37444160972710	0.64839940851302
25.102000000000	0.37765741027539	0.64664659373761
25.108000000000	0.38086444306172	0.64487811523029
25.114000000000	0.38406263366770	0.64309401948669
25.120000000000	0.38725190793137	0.64129435334268
25.126000000000	0.39043219194869	0.63947916397289
25.132000000000	0.39360341207505	0.63764849888922
25.138000000000	0.39676549492666	0.63580240593948
25.144000000000	0.39991836738212	0.63394093330585
25.150000000000	0.40306195658378	0.63206412950346
25.156000000000	0.40619618993922	0.63017204337888
25.162000000000	0.40932099512269	0.62826472410869
25.168000000000	0.41243630007654	0.62634222119794
25.174000000000	0.41554203301262	0.62440458447872
25.180000000000	0.41863812241371	0.62245186410860
25.186000000000	0.42172449703491	0.62048411056919
25.192000000000	0.42480108590502	0.61850137466459
25.198000000000	0.42786781832795	0.61650370751988
25.204000000000	0.43092462388411	0.61449116057963
25.210000000000	0.43397143243172	0.61246378560635
25.216000000000	0.43700817410820	0.61042163467896
25.222000000000	0.44003477933155	0.60836476019125
25.228000000000	0.44305117880165	0.60629321485038
25.234000000000	0.44605730350158	0.60420705167528
25.240000000000	0.44905308469899	0.60210632399513
25.246000000000	0.45203845394740	0.59999108544779
25.252000000000	0.45501334308748	0.59786138997822
25.258000000000	0.45797768424837	0.59571729183698
25.264000000000	0.46093140984896	0.59355884557858
25.270000000000	0.46387445259918	0.59138610605993
25.276000000000	0.46680674550126	0.58919912843878
25.282000000000	0.46972822185099	0.58699796817209
25.288000000000	0.47263881523896	0.58478268101449
25.294000000000	0.47553845955186	0.58255332301663
25.300000000000	0.47842708897363	0.58030995052360
25.306000000000	0.48130463798675	0.57805262017334
25.312000000000	0.48417104137343	0.57578138889501
25.318000000000	0.48702623421682	0.57349631390738
25.324000000000	0.48987015190223	0.57119745271718
25.330000000000	0.49270273011827	0.56888486311753
25.336000000000	0.49552390485808	0.56655860318628
25.342000000000	0.49833361242048	0.56421873128437
25.348000000000	0.50113178941111	0.56186530605420
25.354000000000	0.50391837274363	0.55949838641800
25.360000000000	0.50669329964084	0.55711803157615
25.366000000000	0.50945650763579	0.55472430100557
25.372000000000	0.51220793457296	0.55231725445804
25.378000000000	0.51494751860931	0.54989695195855
25.384000000000	0.51767519821545	0.54746345380363
25.390000000000	0.52039091217671	0.54501682055969
25.396000000000	0.52309459959420	0.54255711306135
25.402000000000	0.52578619988594	0.54008439240977
25.408000000000	0.52846565278790	0.53759871997095
25.414000000000	0.53113289835508	0.53510015737407
25.420000000000	0.53378787696253	0.53258876650982
25.426000000000	0.53643052930642	0.53006460952865
25.432000000000	0.53906079640508	0.52752774883917
25.438000000000	0.54167861959999	0.52497824710635
25.444000000000	0.54428394055682	0.52241616724991
25.450000000000	0.54687670126644	0.51984157244257
25.456000000000	0.54945684404587	0.51725452610836
25.462000000000	0.55202431153934	0.51465509192090
25.468000000000	0.55457904671922	0.51204333380170
25.474000000000	0.55712099288698	0.50941931591843
25.480000000000	0.55965009367418	0.50678310268324
25.486000000000	0.56216629304341	0.50413475875099
25.492000000000	0.56466953528921	0.50147434901755
25.498000000000	0.56715976503903	0.49880193861806
25.504000000000	0.56963692725414	0.49611759292525
25.510000000000	0.57210096723051	0.49342137754762
25.516000000000	0.57455183059979	0.49071335832780
25.522000000000	0.57698946333013	0.48799360134073
25.528000000000	0.57941381172709	0.48526217289198
25.534000000000	0.58182482243452	0.48251913951597
25.540000000000	0.58422244243544	0.47976456797425
25.546000000000	0.58660661905284	0.47699852525374
25.552000000000	0.58897729995061	0.47422107856497
25.558000000000	0.59133443313429	0.47143229534036
25.564000000000	0.59367796695199	0.46863224323243
25.570000000000	0.59600785009512	0.46582099011206
25.576000000000	0.59832403159926	0.46299860406674
25.582000000000	0.60062646084494	0.46016515339879
25.588000000000	0.60291508755844	0.45732070662361
25.594000000000	0.60518986181255	0.45446533246791
25.600000000000	0.60745073402737	0.45159909986796
25.606000000000	0.60969765497106	0.44872207796778
25.612000000000	0.61193057576060	0.44583433611744
25.618000000000	0.61414944786252	0.44293594387119
25.624000000000	0.61635422309367	0.44002697098579
25.630000000000	0.61854485362189	0.43710748741867
25.636000000000	0.62072129196679	0.43417756332616
25.642000000000	0.62288349100042	0.43123726906174
25.648000000000	0.62503140394798	0.42828667517423
25.654000000000	0.62716498438850	0.42532585240602
25.660000000000	0.62928418625554	0.42235487169130
25.666000000000	0.63138896383785	0.41937380415425
25.672000000000	0.63347927178002	0.41638272110730
25.678000000000	0.63555506508316	0.41338169404927
25.684000000000	0.63761629910552	0.41037079466365
25.690000000000	0.63966292956314	0.40735009481681
25.696000000000	0.64169491253047	0.40431966655614
25.702000000000	0.64371220444099	0.40127958210835
25.708000000000	0.64571476208779	0.39822991387761
25.714000000000	0.64770254262423	0.39517073444381
25.720000000000	0.64967550356447	0.39210211656071
25.726000000000	0.65163360278406	0.38902413315420
25.732000000000	0.65357679852056	0.38593685732048
25.738000000000	0.65550504937404	0.38284036232427
25.744000000000	0.65741831430765	0.37973472159700
25.750000000000	0.65931655264820	0.37662000873504
25.756000000000	0.66119972408666	0.37349629749787
25.762000000000	0.66306778867867	0.37036366180632
25.768000000000	0.66492070684511	0.36722217574073
25.774000000000	0.66675843937258	0.36407191353920
25.780000000000	0.66858094741389	0.36091294959576
25.786000000000	0.67038819248856	0.35774535845855
25.792000000000	0.67218013648331	0.35456921482809
25.798000000000	0.67395674165251	0.35138459355540
25.804000000000	0.67571797061868	0.34819156964027
25.810000000000	0.67746378637291	0.34499021822940
25.816000000000	0.67919415227532	0.34178061461464
25.822000000000	0.68090903205553	0.33856283423120
25.828000000000	0.68260838981300	0.33533695265579
25.834000000000	0.68429219001756	0.33210304560489
25.840000000000	0.68596039750975	0.32886118893292
25.846000000000	0.68761297750124	0.32561145863043
25.852000000000	0.68924989557522	0.32235393082231
25.858000000000	0.69087111768681	0.31908868176600
25.864000000000	0.69247661016341	0.31581578784969
25.870000000000	0.69406633970508	0.31253532559050
25.876000000000	0.69564027338488	0.30924737163271
25.882000000000	0.69719837864925	0.30595200274596
25.888000000000	0.69874062331835	0.30264929582342
25.894000000000	0.70026697558638	0.29933932788004
25.900000000000	0.70177740402189	0.29602217605073
25.906000000000	0.70327187756813	0.29269791758855
25.912000000000	0.70475036554336	0.28936662986295
25.918000000000	0.70621283764112	0.28602839035795
25.924000000000	0.70765926393053	0.28268327667035
25.930000000000	0.70908961485660	0.27933136650796
25.936000000000	0.71050386124047	0.27597273768778
25.942000000000	0.71190197427970	0.27260746813422
25.948000000000	0.71328392554852	0.26923563587731
25.954000000000	0.71464968699807	0.26585731905092
25.960000000000	0.71599923095669	0.26247259589094
25.966000000000	0.71733253013006	0.25908154473355
25.972000000000	0.71864955760154	0.25568424401338
25.978000000000	0.71995028683228	0.25228077226174
25.984000000000	0.72123469166152	0.24887120810486
25.990000000000	0.72250274630672	0.24545563026207
25.996000000000	0.72375442536379	0.24203411754407
26.002000000000	0.72498970380729	0.23860674885106
26.008000000000	0.72620855699055	0.23517360317107
26.014000000000	0.72741096064589	0.23173475957812
26.020000000000	0.72859689088478	0.22829029723042
26.026000000000	0.72976632419794	0.22484029536868
26.032000000000	0.73091923745556	0.22138483331425
26.038000000000	0.73205560790738	0.21792399046739
26.044000000000	0.73317541318284	0.21445784630550
26.050000000000	0.73427863129121	0.21098648038132
26.056000000000	0.73536524062167	0.20750997232122
26.062000000000	0.73643521994347	0.20402840182338
26.068000000000	0.73748854840598	0.20054184865602
26.074000000000	0.73852520553880	0.19705039265571
26.080000000000	0.73954517125184	0.19355411372551
26.086000000000	0.74054842583539	0.19005309183330
26.092000000000	0.74153494996022	0.18654740700995
26.098000000000	0.74250472467757	0.18303713934761
26.104000000000	0.74345773141928	0.17952236899794
26.110000000000	0.74439395199778	0.17600317617035
26.116000000000	0.74531336860615	0.17247964113027
26.122000000000	0.74621596381816	0.16895184419738
26.128000000000	0.74710172058824	0.16541986574385
26.134000000000	0.74797062225158	0.16188378619265
26.140000000000	0.74882265252406	0.15834368601575
26.146000000000	0.74965779550227	0.15479964573241
26.152000000000	0.75047603566355	0.15125174590741
26.158000000000	0.75127735786591	0.14770006714936
26.164000000000	0.75206174734802	0.14414469010891
26.170000000000	0.75282918972924	0.14058569547707
26.176000000000	0.75357967100950	0.13702316398344
26.182000000000	0.75431317756930	0.13345717639448
26.188000000000	0.75502969616969	0.12988781351182
26.194000000000	0.75572921395212	0.12631515617051
26.200000000000	0.75641171843848	0.12273928523726
26.206000000000	0.75707719753094	0.11916028160882
26.212000000000	0.75772563951194	0.11557822621014
26.218000000000	0.75835703304406	0.11199319999275
26.224000000000	0.75897136716993	0.10840528393300
26.230000000000	0.75956863131215	0.10481455903036
26.236000000000	0.76014881527318	0.10122110630570
26.242000000000	0.76071190923519	0.097625006799589
26.248000000000	0.76125790376000	0.094026341570615
26.254000000000	0.76178678978889	0.090425191693642
26.260000000000	0.76229855864252	0.086821638258136
26.266000000000	0.76279320202074	0.083215762366454
26.272000000000	0.76327071200247	0.079607645132165
26.278000000000	0.76373108104556	0.075997367678341
26.284000000000	0.76417430198657	0.072385011135877
26.290000000000	0.76460036804067	0.068770656641801
26.296000000000	0.76500927280143	0.065154385337586
26.302000000000	0.76540101024064	0.061536278367470
26.308000000000	0.76577557470811	0.057916416876776
26.314000000000	0.76613296093152	0.054294882010235
26.320000000000	0.76647316401616	0.050671754910307
26.326000000000	0.76679617944477	0.047047116715514
26.332000000000	0.76710200307731	0.043421048558765
26.338000000000	0.76739063115072	0.039793631565695
26.344000000000	0.76766206027872	0.036164946852994
26.350000000000	0.76791628745157	0.032535075526748
26.356000000000	0.76815331003583	0.028904098680780
26.362000000000	0.76837312577411	0.025272097394992
26.368000000000	0.76857573278479	0.021639152733713
26.374000000000	0.76876112956184	0.018005345744047
26.380000000000	0.76892931497447	0.014370757454218
26.386000000000	0.76908028826691	0.010735468871937
26.392000000000	0.76921404905812	0.0070995609827480
26.398000000000	0.76933059734148	0.0034631147483918
26.404000000000	0.76942993348457	-0.00017378889483237
26.410000000000	0.76951205822879	-0.0038110690377014
26.416000000000	0.76957697268912	-0.0074486447997020
26.422000000000	0.76962467835378	-0.011086435330658
26.428000000000	0.76965517708393	-0.014724359812359
26.434000000000	0.76966847111335	-0.018362337460184
26.440000000000	0.76966456304812	-0.022000287524718
26.446000000000	0.76964345586628	-0.025638129293377
26.452000000000	0.76960515291747	-0.029275782092025
26.458000000000	0.76954965792264	-0.032913165286573
26.464000000000	0.76947697497366	-0.036550198284603
26.470000000000	0.76938710853297	-0.040186800536970
26.476000000000	0.76928006343325	-0.043822891539403
26.482000000000	0.76915584487700	-0.047458390834113
26.488000000000	0.76901445843623	-0.051093218011383
26.494000000000	0.76885591005201	-0.054727292711171
26.500000000000	0.76868020603416	-0.058360534624698
26.506000000000	0.76848806959248	-0.061983928824402
26.512000000000	0.76827887557469	-0.065606334614820
26.518000000000	0.76805263135732	-0.069227672446650
26.524000000000	0.76780934468032	-0.072847862827837
26.530000000000	0.76754902364664	-0.076466826325129
26.536000000000	0.76727167672184	-0.080084483565633
26.542000000000	0.76697731273365	-0.083700755238364
26.548000000000	0.76666594087154	-0.087315562095795
26.554000000000	0.76633757068630	-0.090928824955398
26.560000000000	0.76599221208962	-0.094540464701195
26.566000000000	0.76562987535363	-0.098150402285287
26.572000000000	0.76525057111044	-0.10175855872940
26.578000000000	0.76485431035174	-0.10536485512642
26.584000000000	0.76444110442828	-0.10896921264191
26.590000000000	0.76401096504946	-0.11257155251564
26.596000000000	0.76356390428284	-0.11617179606313
26.602000000000	0.76309993455366	-0.11976986467717
26.608000000000	0.76261906864439	-0.12336567982931
26.614000000000	0.76212131969423	-0.12695916307141
26.620000000000	0.76160670119861	-0.13055023603712
26.626000000000	0.76107522700872	-0.13413882044344
26.632000000000	0.76052691133102	-0.13772483809218
26.638000000000	0.75996176872669	-0.14130821087148
26.644000000000	0.75937981411117	-0.14488886075731
26.650000000000	0.75878106275365	-0.14846670981500
26.656000000000	0.75816553027651	-0.15204168020067
26.662000000000	0.75753323265482	-0.15561369416279
26.668000000000	0.75688418621582	-0.15918267404363
26.674000000000	0.75621840763838	-0.16274854228076
26.680000000000	0.75553591395247	-0.16631122140854
26.686000000000	0.75483672253860	-0.16987063405957
26.692000000000	0.75412085112727	-0.17342670296622
26.698000000000	0.75338831779846	-0.17697935096206
26.704000000000	0.75263914098103	-0.18052850098336
26.710000000000	0.75187333945216	-0.18407407607055
26.716000000000	0.75109093233680	-0.18761599936967
26.722000000000	0.75029193910710	-0.19115419413387
26.728000000000	0.74947637958183	-0.19468858372484
26.734000000000	0.74864427392576	-0.19821909161429
26.740000000000	0.74779564264916	-0.20174564138538
26.746000000000	0.74693050660711	-0.20526815673418
26.752000000000	0.74604888699897	-0.20878656147115
26.758000000000	0.74515080536778	-0.21230077952254
26.764000000000	0.74423628359960	-0.21581073493187
26.770000000000	0.74330534392296	-0.21931635186133
26.776000000000	0.74235800890822	-0.22281755459329
26.782000000000	0.74139430146695	-0.22631426753163
26.788000000000	0.74041424485130	-0.22980641520327
26.794000000000	0.73941786265338	-0.23329392225955
26.800000000000	0.73840517880465	-0.23677671347765
26.806000000000	0.73737621757523	-0.24025471376204
26.812000000000	0.73633100357330	-0.24372784814589
26.818000000000	0.73526956174445	-0.24719604179248
26.824000000000	0.73419191737100	-0.25065921999662
26.830000000000	0.73309809607135	-0.25411730818607
26.836000000000	0.73198812379938	-0.25757023192293
26.842000000000	0.73086202684368	-0.26101791690505
26.848000000000	0.72971983182697	-0.26446028896747
26.854000000000	0.72856156570538	-0.26789727408374
26.860000000000	0.72738725576778	-0.27132879836743
26.866000000000	0.72619692963510	-0.27475478807340
26.872000000000	0.72499061525965	-0.27817516959929
26.878000000000	0.72376834092439	-0.28158986948688
26.884000000000	0.72253013524229	-0.28499881442343
26.890000000000	0.72127602715559	-0.28840193124313
26.896000000000	0.72000604593509	-0.29179914692844
26.902000000000	0.71872022117947	-0.29519038861150
26.908000000000	0.71741858281454	-0.29857558357546
26.914000000000	0.71610116109256	-0.30195465925587
26.920000000000	0.71476798659147	-0.30532754324209
26.926000000000	0.71341909021419	-0.30869416327859
26.932000000000	0.71205450318789	-0.31205444726635
26.938000000000	0.71067425706324	-0.31540832326422
26.944000000000	0.70927838371367	-0.31875571949028
26.950000000000	0.70786691533463	-0.32209656432316
26.956000000000	0.70643988444283	-0.32543078630346
26.962000000000	0.70499732387549	-0.32875831413502
26.968000000000	0.70353926678960	-0.33207907668633
26.974000000000	0.70206574666110	-0.33539300299184
26.980000000000	0.70057679728417	-0.33870002225332
26.986000000000	0.69907245277045	-0.34200006384116
26.992000000000	0.69755274754821	-0.34529305729578
26.998000000000	0.69601771636163	-0.34857893232887
27.004000000000	0.69446739426999	-0.35185761882480
27.010000000000	0.69290181664687	-0.35512904684188
27.016000000000	0.69132101917936	-0.35839314661376
27.022000000000	0.68972503786729	-0.36164984855067
27.028000000000	0.68811390902237	-0.36489908324080
27.034000000000	0.68648766926742	-0.36814078145157
27.040000000000	0.68484635553557	-0.37137487413100
27.046000000000	0.68319000506939	-0.37460129240896
27.052000000000	0.68151865542012	-0.37781996759851
27.058000000000	0.67983234444683	-0.38103083119720
27.064000000000	0.67813111031558	-0.38423381488837
27.070000000000	0.67641499149857	-0.38742885054246
27.076000000000	0.67468402677335	-0.39061587021828
27.082000000000	0.67293825522193	-0.39379480616432
27.088000000000	0.67117771622996	-0.39696559082007
27.094000000000	0.66940244948585	-0.40012815681723
27.100000000000	0.66761249497994	-0.40328243698109
27.106000000000	0.66580789300363	-0.40642836433175
27.112000000000	0.66398868414850	-0.40956587208540
27.118000000000	0.66215490930548	-0.41269489365564
27.124000000000	0.66030660966392	-0.41581536265472
27.130000000000	0.65844382671074	-0.41892721289481
27.136000000000	0.65656660222956	-0.42203037838929
27.142000000000	0.65467497829980	-0.42512479335399
27.148000000000	0.65276899729575	-0.42821039220849
27.154000000000	0.65084870188574	-0.43128710957733
27.160000000000	0.64891413503121	-0.43435488029132
27.166000000000	0.64696533998577	-0.43741363938875
27.172000000000	0.64500236029434	-0.44046332211668
27.178000000000	0.64302523979222	-0.44350386393216
27.184000000000	0.64103402260415	-0.44653520050349
27.190000000000	0.63902875314341	-0.44955726771146
27.196000000000	0.63700947611088	-0.45257000165060
27.202000000000	0.63497623649411	-0.45557333863040
27.208000000000	0.63292907956639	-0.45856721517655
27.214000000000	0.63086805088580	-0.46155156803221
27.220000000000	0.62879319629424	-0.46452633415917
27.226000000000	0.62670456191655	-0.46749145073913
27.232000000000	0.62460219415947	-0.47044685517490
27.238000000000	0.62248613971072	-0.47339248509166
27.244000000000	0.62035644553806	-0.47632827833810
27.250000000000	0.61821315888827	-0.47925417298771
27.256000000000	0.61605632728620	-0.48217010733998
27.262000000000	0.61388599853380	-0.48507601992155
27.268000000000	0.61170222070914	-0.48797184948752
27.274000000000	0.60950504216538	-0.49085753502254
27.280000000000	0.60729451152983	-0.49373301574211
27.286000000000	0.60507067770294	-0.49659823109370
27.292000000000	0.60283358985726	-0.49945312075802
27.298000000000	0.60058329743649	-0.50229762465013
27.304000000000	0.59831985015443	-0.50513168292072
27.310000000000	0.59604329799398	-0.50795523595720
27.316000000000	0.59375369120613	-0.51076822438497
27.322000000000	0.59145108030890	-0.51357058906854
27.328000000000	0.58913551608635	-0.51636227111276
27.334000000000	0.58680704958751	-0.51914321186393
27.340000000000	0.58446573212538	-0.52191335291103
27.346000000000	0.58211482075525	-0.52466907661880
27.352000000000	0.57975119542439	-0.52741391343341
27.358000000000	0.57737490803051	-0.53014780591141
27.364000000000	0.57498601072963	-0.53287069685536
27.370000000000	0.57258455593511	-0.53558252931501
27.376000000000	0.57017059631650	-0.53828324658846
27.382000000000	0.56774418479852	-0.54097279222327
27.388000000000	0.56530537455999	-0.54365111001764
27.394000000000	0.56285421903275	-0.54631814402149
27.400000000000	0.56039077190058	-0.54897383853766
27.406000000000	0.55791508709811	-0.55161813812299
27.412000000000	0.55542721880975	-0.55425098758946
27.418000000000	0.55292722146857	-0.55687233200534
27.424000000000	0.55041514975523	-0.55948211669628
27.430000000000	0.54789105859685	-0.56208028724645
27.436000000000	0.54535500316592	-0.56466678949962
27.442000000000	0.54280703887918	-0.56724156956034
27.448000000000	0.54024722139651	-0.56980457379498
27.454000000000	0.53767560661979	-0.57235574883285
27.460000000000	0.53509225069179	-0.57489504156735
27.466000000000	0.53249720999503	-0.57742239915701
27.472000000000	0.52989054115063	-0.57993776902662
27.478000000000	0.52727230101720	-0.58244109886831
27.484000000000	0.52464254668964	-0.58493233664265
27.490000000000	0.52200133549807	-0.58741143057971
27.496000000000	0.51934872500657	-0.58987832918019
27.502000000000	0.51668477301210	-0.59233298121645
27.508000000000	0.51400953754328	-0.59477533573362
27.514000000000	0.51132307685927	-0.59720534205065
27.520000000000	0.50862544944854	-0.59962294976141
27.526000000000	0.50591671402770	-0.60202810873571
27.532000000000	0.50319692954034	-0.60442076912040
27.538000000000	0.50046615515581	-0.60680088134044
27.544000000000	0.49772445026803	-0.60916839609990
27.550000000000	0.49497187449429	-0.61152326438306
27.556000000000	0.49220848767402	-0.61386543745546
27.562000000000	0.48943434986763	-0.61619486686489
27.568000000000	0.48664952135522	-0.61851150444252
27.574000000000	0.48385406263542	-0.62081530230384
27.580000000000	0.48104803442411	-0.62310621284979
27.586000000000	0.47823149765323	-0.62538418876771
27.592000000000	0.47540451346952	-0.62764918303240
27.598000000000	0.47256714323326	-0.62990114890718
27.604000000000	0.46971944851705	-0.63214003994482
27.610000000000	0.46686149110454	-0.63436580998865
27.616000000000	0.46399333298916	-0.63657841317351
27.622000000000	0.46111503637288	-0.63877780392678
27.628000000000	0.45822666366492	-0.64096393696940
27.634000000000	0.45532827748048	-0.64313676731683
27.640000000000	0.45241994063946	-0.64529625028007
27.646000000000	0.44950171616516	-0.64744234146667
27.652000000000	0.44657366728303	-0.64957499678169
27.658000000000	0.44363585741930	-0.65169417242868
27.664000000000	0.44068835019976	-0.65379982491070
27.670000000000	0.43773120944838	-0.65589191103125
27.676000000000	0.43476449918605	-0.65797038789528
27.682000000000	0.43178828362924	-0.66003521291012
27.688000000000	0.42880262718866	-0.66208634378648
27.694000000000	0.42580759446796	-0.66412373853940
27.700000000000	0.42280325026239	-0.66614735548919
27.706000000000	0.41978965955744	-0.66815715326240
27.712000000000	0.41676688752751	-0.67015309079274
27.718000000000	0.41373499953456	-0.67213512732206
27.724000000000	0.41069406112674	-0.67410322240127
27.730000000000	0.40764413803705	-0.67605733589125
27.736000000000	0.40458529618196	-0.67799742796384
27.742000000000	0.40151760166003	-0.67992345910270
27.748000000000	0.39844112075055	-0.68183539010426
27.754000000000	0.39535591991213	-0.68373318207865
27.760000000000	0.39226206578136	-0.68561679645057
27.766000000000	0.38915962517135	-0.68748619496024
27.772000000000	0.38604866507037	-0.68934133966429
27.778000000000	0.38292925264045	-0.69118219293662
27.784000000000	0.37980145521595	-0.69300871746937
27.790000000000	0.37666534030215	-0.69482087627372
27.796000000000	0.37352097557383	-0.69661863268083
27.802000000000	0.37036842887384	-0.69840195034270
27.808000000000	0.36720776821167	-0.70017079323305
27.814000000000	0.36403906176199	-0.70192512564819
27.820000000000	0.36086237786326	-0.70366491220786
27.826000000000	0.35767778501623	-0.70539011785611
27.832000000000	0.35448535188248	-0.70710070786215
27.838000000000	0.35128514728301	-0.70879664782120
27.844000000000	0.34807724019672	-0.71047790365534
27.850000000000	0.34486169975899	-0.71214444161430
27.856000000000	0.34163859526015	-0.71379622827636
27.862000000000	0.33840799614403	-0.71543323054915
27.868000000000	0.33516997200646	-0.71705541567044
27.874000000000	0.33192459259380	-0.71866275120901
27.880000000000	0.32867192780139	-0.72025520506543
27.886000000000	0.32541204767209	-0.72183274547285
27.892000000000	0.32214502239475	-0.72339534099785
27.898000000000	0.31887092230272	-0.72494296054119
27.904000000000	0.31558981787229	-0.72647557333862
27.910000000000	0.31230177972117	-0.72799314896166
27.916000000000	0.30900687860698	-0.72949565731835
27.922000000000	0.30570518542571	-0.73098306865408
27.928000000000	0.30239677121015	-0.73245535355231
27.934000000000	0.29908170712835	-0.73391248293533
27.940000000000	0.29576006448210	-0.73535442806504
27.946000000000	0.29243191470532	-0.73678116054369
27.952000000000	0.28909732936252	-0.73819265231460
27.958000000000	0.28575638014722	-0.73958887566293
27.964000000000	0.28240913888038	-0.74096980321638
27.970000000000	0.27905567750884	-0.74233540794593
27.976000000000	0.27569606810366	-0.74368566316657
27.982000000000	0.27233038285861	-0.74502054253797
27.988000000000	0.26895869408854	-0.74634002006524
27.994000000000	0.26558107422774	-0.74764407009958
28.000000000000	0.26219759582838	-0.74893266733900
