#Parameters = {Epsilon=3; a=8.636; b=4.318; d_new=2; d_odj=74.4; h=1; l=26; l_old=26; tg_delta=0.01}
#"Frequency / GHz"	"S1,2 [Re]"	"S1,2 [Im]"
#-----------------------------------------
22.000000000000	-0.27276756074060	-0.62949069580124
22.006000000000	-0.27611215405643	-0.62820432200424
22.012000000000	-0.27944957379238	-0.62690049596255
22.018000000000	-0.28277972911568	-0.62557926399985
22.024000000000	-0.28610252954908	-0.62424067290765
22.030000000000	-0.28941788497297	-0.62288476994211
22.036000000000	-0.29272570562746	-0.62151160282096
22.042000000000	-0.29602590211441	-0.62012121972030
22.048000000000	-0.29931838539945	-0.61871366927150
22.054000000000	-0.30260306681397	-0.61728900055804
22.060000000000	-0.30587985805704	-0.61584726311238
22.066000000000	-0.30914867119740	-0.61438850691277
22.072000000000	-0.31240941867529	-0.61291278238016
22.078000000000	-0.31566201330436	-0.61142014037500
22.084000000000	-0.31890636827349	-0.60991063219412
22.090000000000	-0.32214239714865	-0.60838430956757
22.096000000000	-0.32537001387459	-0.60684122465545
22.102000000000	-0.32858913277671	-0.60528143004479
22.108000000000	-0.33179966856269	-0.60370497874639
22.114000000000	-0.33500153632426	-0.60211192419166
22.120000000000	-0.33819465153884	-0.60050232022946
22.126000000000	-0.34137893007120	-0.59887622112299
22.132000000000	-0.34455428817506	-0.59723368154659
22.138000000000	-0.34772064249472	-0.59557475658265
22.144000000000	-0.35087791006660	-0.59389950171843
22.150000000000	-0.35402600832077	-0.59220797284290
22.156000000000	-0.35716485508250	-0.59050022624364
22.162000000000	-0.36029436857370	-0.58877631860369
22.168000000000	-0.36341446741442	-0.58703630699840
22.174000000000	-0.36652507062429	-0.58528024889230
22.180000000000	-0.36962609762386	-0.58350820213598
22.186000000000	-0.37271746823609	-0.58172022496294
22.192000000000	-0.37579910268761	-0.57991637598651
22.198000000000	-0.37887092161012	-0.57809671419666
22.204000000000	-0.38193284604167	-0.57626129895696
22.210000000000	-0.38498479742794	-0.57441019000140
22.216000000000	-0.38802669762352	-0.57254344743131
22.222000000000	-0.39105846889313	-0.57066113171226
22.228000000000	-0.39408003391280	-0.56876330367096
22.234000000000	-0.39709131577114	-0.56685002449213
22.240000000000	-0.40009223797042	-0.56492135571545
22.246000000000	-0.40308272442772	-0.56297735923244
22.252000000000	-0.40606269947610	-0.56101809728339
22.258000000000	-0.40903208786564	-0.55904363245431
22.264000000000	-0.41199081476451	-0.55705402767379
22.270000000000	-0.41493880576003	-0.55504934621000
22.276000000000	-0.41787598685971	-0.55302965166761
22.282000000000	-0.42080228449221	-0.55099500798471
22.288000000000	-0.42371762550834	-0.54894547942978
22.294000000000	-0.42662193718200	-0.54688113059866
22.300000000000	-0.42951514721115	-0.54480202641148
22.306000000000	-0.43239718371868	-0.54270823210966
22.312000000000	-0.43526797525331	-0.54059981325286
22.318000000000	-0.43812745079047	-0.53847683571599
22.324000000000	-0.44097553973313	-0.53633936568615
22.330000000000	-0.44381217191263	-0.53418746965971
22.336000000000	-0.44663727758950	-0.53202121443920
22.342000000000	-0.44945078745423	-0.52984066713042
22.348000000000	-0.45225263262801	-0.52764589513942
22.354000000000	-0.45504274466353	-0.52543696616947
22.360000000000	-0.45782105554563	-0.52321394821821
22.366000000000	-0.46058749769207	-0.52097690957455
22.372000000000	-0.46334200395417	-0.51872591881584
22.378000000000	-0.46608450761746	-0.51646104480484
22.384000000000	-0.46881494240239	-0.51418235668682
22.390000000000	-0.47153324246487	-0.51188992388661
22.396000000000	-0.47423934239693	-0.50958381610570
22.402000000000	-0.47693317722730	-0.50726410331930
22.408000000000	-0.47961468242195	-0.50493085577346
22.414000000000	-0.48228379388465	-0.50258414398215
22.420000000000	-0.48494044795752	-0.50022403872437
22.426000000000	-0.48758458142150	-0.49785061104131
22.432000000000	-0.49021613149690	-0.49546393223339
22.438000000000	-0.49283503584382	-0.49306407385750
22.444000000000	-0.49544123256263	-0.49065110772407
22.450000000000	-0.49803466019442	-0.48822510589424
22.456000000000	-0.50061525772141	-0.48578614067704
22.462000000000	-0.50318296456736	-0.48333428462655
22.468000000000	-0.50573772059795	-0.48086961053907
22.474000000000	-0.50827946612117	-0.47839219145033
22.480000000000	-0.51080814188766	-0.47590210063264
22.486000000000	-0.51332368909106	-0.47339941159216
22.492000000000	-0.51582604936830	-0.47088419806609
22.498000000000	-0.51831516479997	-0.46835653401985
22.504000000000	-0.52079097791055	-0.46581649364439
22.510000000000	-0.52325343166871	-0.46326415135339
22.516000000000	-0.52570246948756	-0.46069958178051
22.522000000000	-0.52813803522490	-0.45812285977665
22.528000000000	-0.53056007318348	-0.45553406040726
22.534000000000	-0.53296852811112	-0.45293325894957
22.540000000000	-0.53536334520103	-0.45032053088990
22.546000000000	-0.53774447009189	-0.44769595192097
22.552000000000	-0.54011184886808	-0.44505959793921
22.558000000000	-0.54246542805981	-0.44241154504204
22.564000000000	-0.54480515464327	-0.43975186952526
22.570000000000	-0.54713097604075	-0.43708064788033
22.576000000000	-0.54944284012075	-0.43439795679176
22.582000000000	-0.55174069519808	-0.43170387313443
22.588000000000	-0.55402449003397	-0.42899847397099
22.594000000000	-0.55629417383609	-0.42628183654922
22.600000000000	-0.55854969625864	-0.42355403829943
22.606000000000	-0.56079100740241	-0.42081515683181
22.612000000000	-0.56301805781477	-0.41806526993392
22.618000000000	-0.56523079848972	-0.41530445556802
22.624000000000	-0.56742918086789	-0.41253279186853
22.630000000000	-0.56961315683652	-0.40975035713951
22.636000000000	-0.57178267872947	-0.40695722985200
22.642000000000	-0.57393769932715	-0.40415348864159
22.648000000000	-0.57607817185652	-0.40133921230581
22.654000000000	-0.57820404999100	-0.39851447980162
22.660000000000	-0.58031528785040	-0.39567937024290
22.666000000000	-0.58241184000089	-0.39283396289795
22.672000000000	-0.58449366145484	-0.38997833718701
22.678000000000	-0.58656070767080	-0.38711257267971
22.684000000000	-0.58861293455330	-0.38423674909265
22.690000000000	-0.59065029845279	-0.38135094628695
22.696000000000	-0.59267275616548	-0.37845524426571
22.702000000000	-0.59468026493320	-0.37554972317166
22.708000000000	-0.59667278244323	-0.37263446328465
22.714000000000	-0.59865026682816	-0.36970954501925
22.720000000000	-0.60061267666568	-0.36677504892236
22.726000000000	-0.60255997097844	-0.36383105567075
22.732000000000	-0.60449210923379	-0.36087764606868
22.738000000000	-0.60640905134362	-0.35791490104555
22.744000000000	-0.60831075766411	-0.35494290165346
22.750000000000	-0.61019718899554	-0.35196172906488
22.756000000000	-0.61206830658202	-0.34897146457028
22.762000000000	-0.61392407211125	-0.34597218957579
22.768000000000	-0.61576444771429	-0.34296398560084
22.774000000000	-0.61758939596524	-0.33994693427583
22.780000000000	-0.61939887988101	-0.33692111733986
22.786000000000	-0.62119286292105	-0.33388661663833
22.792000000000	-0.62297130898700	-0.33084351412071
22.798000000000	-0.62473418242242	-0.32779189183824
22.804000000000	-0.62648144801251	-0.32473183194160
22.810000000000	-0.62821307098373	-0.32166341667869
22.816000000000	-0.62992901700351	-0.31858672839233
22.822000000000	-0.63162925217993	-0.31550184951803
22.828000000000	-0.63331374306134	-0.31240886258173
22.834000000000	-0.63498245663600	-0.30930785019758
22.840000000000	-0.63663536033178	-0.30619889506569
22.846000000000	-0.63827242201574	-0.30308207996993
22.852000000000	-0.63989360999376	-0.29995748777572
22.858000000000	-0.64149889301017	-0.29682520142781
22.864000000000	-0.64308824024736	-0.29368530394815
22.870000000000	-0.64466162132536	-0.29053787843362
22.876000000000	-0.64621900630147	-0.28738300805395
22.882000000000	-0.64776036566981	-0.28422077604950
22.888000000000	-0.64928567036091	-0.28105126572910
22.894000000000	-0.65079489174130	-0.27787456046797
22.900000000000	-0.65228800161304	-0.27469074370551
22.906000000000	-0.65376497221334	-0.27149989894321
22.912000000000	-0.65522577621402	-0.26830210974255
22.918000000000	-0.65667038672114	-0.26509745972286
22.924000000000	-0.65809877727449	-0.26188603255922
22.930000000000	-0.65951092184713	-0.25866791198039
22.936000000000	-0.66090679484492	-0.25544318176671
22.942000000000	-0.66228637110605	-0.25221192574805
22.948000000000	-0.66364962590051	-0.24897422780171
22.954000000000	-0.66499653492965	-0.24573017185040
22.960000000000	-0.66632707432564	-0.24247984186016
22.966000000000	-0.66764122065098	-0.23922332183834
22.972000000000	-0.66893895089797	-0.23596069583156
22.978000000000	-0.67022024248821	-0.23269204792370
22.984000000000	-0.67148507327209	-0.22941746223388
22.990000000000	-0.67273342152822	-0.22613702291444
22.996000000000	-0.67396526596289	-0.22285081414896
23.002000000000	-0.67518058570960	-0.21955892015027
23.008000000000	-0.67637936032843	-0.21626142515844
23.014000000000	-0.67756156980552	-0.21295841343888
23.020000000000	-0.67872719455251	-0.20964996928027
23.026000000000	-0.67987621540601	-0.20633617699270
23.032000000000	-0.68100861362695	-0.20301712090566
23.038000000000	-0.68212437090008	-0.19969288536614
23.044000000000	-0.68322346933337	-0.19636355473664
23.050000000000	-0.68430589145740	-0.19302921339332
23.056000000000	-0.68537162022480	-0.18968994572403
23.062000000000	-0.68642063900964	-0.18634583612640
23.068000000000	-0.68745293160684	-0.18299696900599
23.074000000000	-0.68846848223155	-0.17964342877433
23.080000000000	-0.68946727551855	-0.17628529984706
23.086000000000	-0.69044929652166	-0.17292266664209
23.092000000000	-0.69141453071305	-0.16955561357765
23.098000000000	-0.69236296398271	-0.16618422507049
23.104000000000	-0.69329458263774	-0.16280858553401
23.110000000000	-0.69420937340176	-0.15942877937640
23.116000000000	-0.69510732341427	-0.15604489099879
23.122000000000	-0.69598842023000	-0.15265700479344
23.128000000000	-0.69685265181825	-0.14926520514191
23.134000000000	-0.69770000656228	-0.14586957641321
23.140000000000	-0.69853047325860	-0.14247020296204
23.146000000000	-0.69934404111636	-0.13906716912692
23.152000000000	-0.70014069975665	-0.13566055922844
23.158000000000	-0.70092043921186	-0.13225045756747
23.164000000000	-0.70168324992498	-0.12883694842335
23.170000000000	-0.70242912274896	-0.12542011605210
23.176000000000	-0.70315804894600	-0.12200004468472
23.182000000000	-0.70387002018685	-0.11857681852532
23.188000000000	-0.70456502855018	-0.11515052174948
23.194000000000	-0.70524306652183	-0.11172123850240
23.200000000000	-0.70590412699416	-0.10828905289722
23.206000000000	-0.70654820326531	-0.10485404901325
23.212000000000	-0.70717528903850	-0.10141631089427
23.218000000000	-0.70778537842136	-0.097975922546763
23.224000000000	-0.70837846592518	-0.094532967938244
23.230000000000	-0.70895454646421	-0.091087530995520
23.236000000000	-0.70951361535493	-0.087639695602999
23.242000000000	-0.71005566831536	-0.084189545600986
23.248000000000	-0.71058070146428	-0.080737164783995
23.254000000000	-0.71108871132054	-0.077282636899065
23.260000000000	-0.71157969480231	-0.073826045644079
23.266000000000	-0.71205364922635	-0.070367474666096
23.272000000000	-0.71251057230727	-0.066907007559674
23.278000000000	-0.71295046215677	-0.063444727865225
23.284000000000	-0.71337331728292	-0.059980719067350
23.290000000000	-0.71377913658936	-0.056515064593199
23.296000000000	-0.71416791937461	-0.053047847810821
23.302000000000	-0.71453966533125	-0.049579152027536
23.308000000000	-0.71489437454520	-0.046109060488300
23.314000000000	-0.71523204749494	-0.042637656374084
23.320000000000	-0.71555268505073	-0.039165022800255
23.326000000000	-0.71585628847385	-0.035691242814963
23.332000000000	-0.71614285941583	-0.032216399397538
23.338000000000	-0.71641239991766	-0.028740575456884
23.344000000000	-0.71666491240900	-0.025263853829890
23.350000000000	-0.71690039970742	-0.021786317279838
23.356000000000	-0.71711886501759	-0.018308048494819
23.362000000000	-0.71732031193048	-0.014829130086155
23.368000000000	-0.71750474442261	-0.011349644586833
23.374000000000	-0.71767216685518	-0.0078696744499238
23.380000000000	-0.71782258397334	-0.0043893020470377
23.386000000000	-0.71795600090533	-0.00090860966675913
23.392000000000	-0.71807242316171	0.0025723204869015
23.398000000000	-0.71817185663450	0.0060534062960526
23.404000000000	-0.71825430759644	0.0095345657304606
23.410000000000	-0.71831978270010	0.013015716849084
23.416000000000	-0.71836828897708	0.016496777801603
23.422000000000	-0.71839983383722	0.019977666829942
23.428000000000	-0.71841442506772	0.023458302269786
23.434000000000	-0.71841207083233	0.026938602552099
23.440000000000	-0.71839277967054	0.030418486204625
23.446000000000	-0.71835656049670	0.033897871853395
23.452000000000	-0.71830342259923	0.037376678224222
23.458000000000	-0.71823337563972	0.040854824144200
23.464000000000	-0.71814642965211	0.044332228543179
23.470000000000	-0.71804259504187	0.047808810455256
23.476000000000	-0.71792188258508	0.051284489020252
23.482000000000	-0.71778430342764	0.054759183485178
23.488000000000	-0.71762986908438	0.058232813205711
23.494000000000	-0.71745859143819	0.061705297647648
23.500000000000	-0.71727048273917	0.065176556388368
23.506000000000	-0.71706555560376	0.068646509118283
23.512000000000	-0.71684382301385	0.072115075642284
23.518000000000	-0.71660529831594	0.075582175881186
23.524000000000	-0.71634999522023	0.079047729873166
23.530000000000	-0.71607792779976	0.082511657775191
23.536000000000	-0.71578911048950	0.085973879864452
23.542000000000	-0.71548355808550	0.089434316539786
23.548000000000	-0.71516128574397	0.092892888323091
23.554000000000	-0.71482230898039	0.096349515860742
23.560000000000	-0.71446664366863	0.099804119925006
23.566000000000	-0.71409430604003	0.10325662141543
23.572000000000	-0.71370531268251	0.10670694136027
23.578000000000	-0.71329968053967	0.11015500091785
23.584000000000	-0.71287742690986	0.11360072137798
23.590000000000	-0.71243856944529	0.11704402416332
23.596000000000	-0.71198312615108	0.12048483083078
23.602000000000	-0.71151111538440	0.12392306307291
23.608000000000	-0.71102255585349	0.12735864271921
23.614000000000	-0.71051746661677	0.13079149173758
23.620000000000	-0.70999586708190	0.13422153223562
23.626000000000	-0.70945777700484	0.13764868646201
23.632000000000	-0.70890321648895	0.14107287680787
23.638000000000	-0.70833220598399	0.14449402580810
23.644000000000	-0.70774476628527	0.14791205614274
23.650000000000	-0.70714091853262	0.15132689063828
23.656000000000	-0.70652068420947	0.15473845226904
23.662000000000	-0.70588408514194	0.15814666415843
23.668000000000	-0.70523114349784	0.16155144958039
23.674000000000	-0.70456188178573	0.16495273196057
23.680000000000	-0.70387632285394	0.16835043487779
23.686000000000	-0.70317448988966	0.17174448206525
23.692000000000	-0.70245640641792	0.17513479741187
23.698000000000	-0.70172209630065	0.17852130496363
23.704000000000	-0.70097158373569	0.18190392892483
23.710000000000	-0.70020489325583	0.18528259365937
23.716000000000	-0.69942204972782	0.18865722369211
23.722000000000	-0.69862307835140	0.19202774371008
23.728000000000	-0.69780800465831	0.19539407856383
23.734000000000	-0.69697685451129	0.19875615326866
23.740000000000	-0.69612965410311	0.20211389300590
23.746000000000	-0.69526642995554	0.20546722312421
23.752000000000	-0.69438720891839	0.20881606914081
23.758000000000	-0.69349201816851	0.21216035674277
23.764000000000	-0.69258088520873	0.21550001178825
23.770000000000	-0.69165383786693	0.21883496030773
23.776000000000	-0.69071090429495	0.22216512850533
23.782000000000	-0.68975211296766	0.22549044275996
23.788000000000	-0.68877749268185	0.22881082962664
23.794000000000	-0.68778707255529	0.23212621583766
23.800000000000	-0.68678088202567	0.23543652830390
23.806000000000	-0.68575895084954	0.23874169411595
23.812000000000	-0.68472130910135	0.24204164054544
23.818000000000	-0.68366798717237	0.24533629504617
23.824000000000	-0.68259901576965	0.24862558525537
23.830000000000	-0.68151442591500	0.25190943899488
23.836000000000	-0.68041424894392	0.25518778427239
23.842000000000	-0.67929851650459	0.25846054928262
23.848000000000	-0.67816726055678	0.26172766240849
23.854000000000	-0.67702051337083	0.26498905222236
23.860000000000	-0.67585830752655	0.26824464748717
23.866000000000	-0.67468067591220	0.27149437715767
23.872000000000	-0.67348765172342	0.27473817038154
23.878000000000	-0.67227926846213	0.27797595650061
23.884000000000	-0.67105555993549	0.28120766505202
23.890000000000	-0.66981656025482	0.28443322576937
23.896000000000	-0.66856230383451	0.28765256858389
23.902000000000	-0.66729282539096	0.29086562362557
23.908000000000	-0.66600815994146	0.29407232122437
23.914000000000	-0.66470834280316	0.29727259191131
23.920000000000	-0.66339340959191	0.30046636641962
23.926000000000	-0.66206339622122	0.30365357568592
23.932000000000	-0.66071833890112	0.30683415085129
23.938000000000	-0.65935827413710	0.31000802326246
23.944000000000	-0.65798323872896	0.31317512447288
23.950000000000	-0.65659326976976	0.31633538624388
23.956000000000	-0.65518840464464	0.31948874054577
23.962000000000	-0.65376868102976	0.32263511955893
23.968000000000	-0.65233413689115	0.32577445567495
23.974000000000	-0.65088481048359	0.32890668149772
23.980000000000	-0.64942074034952	0.33203172984452
23.986000000000	-0.64794196531785	0.33514953374711
23.992000000000	-0.64644852450289	0.33826002645283
23.998000000000	-0.64494045730317	0.34136314142566
24.004000000000	-0.64341780340033	0.34445881234733
24.010000000000	-0.64188060275794	0.34754697311837
24.016000000000	-0.64032889562042	0.35062755785918
24.022000000000	-0.63876272251179	0.35370050091112
24.028000000000	-0.63718212423465	0.35676573683752
24.034000000000	-0.63558714186888	0.35982320042478
24.040000000000	-0.63397781677061	0.36287282668341
24.046000000000	-0.63235419057095	0.36591455084906
24.052000000000	-0.63071630517492	0.36894830838356
24.058000000000	-0.62906420276019	0.37197403497598
24.064000000000	-0.62739792577597	0.37499166654364
24.070000000000	-0.62571751694182	0.37800113923313
24.076000000000	-0.62402301924645	0.38100238942138
24.082000000000	-0.62231447594655	0.38399535371659
24.088000000000	-0.62059193056562	0.38697996895932
24.094000000000	-0.61885542689274	0.38995617222346
24.100000000000	-0.61710500898142	0.39292390081724
24.106000000000	-0.61534072114837	0.39588309228424
24.112000000000	-0.61356260797233	0.39883368440433
24.118000000000	-0.61177071429284	0.40177561519472
24.124000000000	-0.60996508520904	0.40470882291093
24.130000000000	-0.60814576607846	0.40763324604771
24.136000000000	-0.60631280251583	0.41054882334010
24.142000000000	-0.60446624039182	0.41345549376433
24.148000000000	-0.60260612583186	0.41635319653879
24.154000000000	-0.60073250521489	0.41924187112503
24.160000000000	-0.59884542517215	0.42212145722865
24.166000000000	-0.59694493258593	0.42499189480031
24.172000000000	-0.59503107458836	0.42785312403662
24.178000000000	-0.59310389856016	0.43070508538108
24.184000000000	-0.59116345212941	0.43354771952506
24.190000000000	-0.58920978317029	0.43638096740868
24.196000000000	-0.58724293980185	0.43920477022173
24.202000000000	-0.58526297038674	0.44201906940461
24.208000000000	-0.58326992352999	0.44482380664922
24.214000000000	-0.58126384807772	0.44761892389989
24.220000000000	-0.57924479311591	0.45040436335424
24.226000000000	-0.57721280796910	0.45318006746410
24.232000000000	-0.57516794219918	0.45594597893642
24.238000000000	-0.57311024560405	0.45870204073410
24.244000000000	-0.57103976821641	0.46144819607690
24.250000000000	-0.56895656030246	0.46418438844233
24.256000000000	-0.56686067236062	0.46691056156647
24.262000000000	-0.56475215512024	0.46962665944488
24.268000000000	-0.56263105954035	0.47233262633343
24.274000000000	-0.56049743680831	0.47502840674914
24.280000000000	-0.55835133833860	0.47771394547106
24.286000000000	-0.55619281577146	0.48038918754108
24.292000000000	-0.55402192097161	0.48305407826477
24.298000000000	-0.55183870602699	0.48570856321224
24.304000000000	-0.54964322324739	0.48835258821890
24.310000000000	-0.54743552516319	0.49098609938633
24.316000000000	-0.54521566452404	0.49360904308308
24.322000000000	-0.54298369429755	0.49622136594547
24.328000000000	-0.54073966766796	0.49882301487839
24.334000000000	-0.53848363803485	0.50141393705610
24.340000000000	-0.53621565901179	0.50399407992299
24.346000000000	-0.53393578442503	0.50656339119443
24.352000000000	-0.53164406831219	0.50912181885747
24.358000000000	-0.52934056492089	0.51166931117168
24.364000000000	-0.52702532870746	0.51420581666985
24.370000000000	-0.52469841433558	0.51673128415881
24.376000000000	-0.52235987667493	0.51924566272014
24.382000000000	-0.52000977079990	0.52174890171095
24.388000000000	-0.51764815198819	0.52424095076459
24.394000000000	-0.51527507571949	0.52672175979142
24.400000000000	-0.51289059767415	0.52919127897951
24.406000000000	-0.51049477373178	0.53164945879540
24.412000000000	-0.50808765996994	0.53409624998478
24.418000000000	-0.50566931266275	0.53653160357322
24.424000000000	-0.50323978827957	0.53895547086688
24.430000000000	-0.50079914348359	0.54136780345322
24.436000000000	-0.49834743513050	0.54376855320166
24.442000000000	-0.49588472026711	0.54615767226429
24.448000000000	-0.49341105612998	0.54853511307657
24.454000000000	-0.49092650014407	0.55090082835797
24.460000000000	-0.48843110992130	0.55325477111266
24.466000000000	-0.48592494325926	0.55559689463017
24.472000000000	-0.48340805813977	0.55792715248606
24.478000000000	-0.48088051272751	0.56024549854255
24.484000000000	-0.47834236536865	0.56255188694916
24.490000000000	-0.47579367458945	0.56484627214338
24.496000000000	-0.47323449909487	0.56712860885129
24.502000000000	-0.47066489776719	0.56939885208817
24.508000000000	-0.46808492966461	0.57165695715913
24.514000000000	-0.46549465401983	0.57390287965973
24.520000000000	-0.46289413023871	0.57613657547657
24.526000000000	-0.46028341789880	0.57835800078793
24.532000000000	-0.45766257674799	0.58056711206431
24.538000000000	-0.45503166670309	0.58276386606906
24.544000000000	-0.45239074784840	0.58494821985893
24.550000000000	-0.44973988043433	0.58712013078468
24.556000000000	-0.44707912487598	0.58927955649163
24.562000000000	-0.44440854175172	0.59142645492020
24.568000000000	-0.44172819180179	0.59356078430652
24.574000000000	-0.43903813592686	0.59568250318292
24.580000000000	-0.43633843518664	0.59779157037853
24.586000000000	-0.43362915079842	0.59988794501975
24.592000000000	-0.43091034413569	0.60197158653085
24.598000000000	-0.42818207672669	0.60404245463444
24.604000000000	-0.42544441025299	0.60610050935200
24.610000000000	-0.42269740654807	0.60814571100442
24.616000000000	-0.41994112759585	0.61017802021246
24.622000000000	-0.41717563552932	0.61219739789727
24.628000000000	-0.41440099262907	0.61420380528088
24.634000000000	-0.41161726132185	0.61619720388667
24.640000000000	-0.40882450417916	0.61817755553985
24.646000000000	-0.40602278391578	0.62014482236797
24.652000000000	-0.40321216338836	0.62209896680130
24.658000000000	-0.40039270559395	0.62403995157336
24.664000000000	-0.39756447366859	0.62596773972136
24.670000000000	-0.39472753088584	0.62788229458661
24.676000000000	-0.39188194065534	0.62978357981496
24.682000000000	-0.38902776652137	0.63167155935726
24.688000000000	-0.38616507216140	0.63354619746978
24.694000000000	-0.38329392138463	0.63540745871460
24.700000000000	-0.38041437813056	0.63725530796001
24.706000000000	-0.37752650646750	0.63908971038097
24.712000000000	-0.37463037059118	0.64091063145945
24.718000000000	-0.37172603482322	0.64271803698485
24.724000000000	-0.36881356360974	0.64451189305435
24.730000000000	-0.36589302151987	0.64629216607332
24.736000000000	-0.36296447324427	0.64805882275567
24.742000000000	-0.36002798359374	0.64981183012422
24.748000000000	-0.35708361749770	0.65155115551103
24.754000000000	-0.35413144000274	0.65327676655780
24.760000000000	-0.35117151627119	0.65498863121615
24.766000000000	-0.34820391157962	0.65668671774798
24.772000000000	-0.34522869131738	0.65837099472581
24.778000000000	-0.34224592098518	0.66004143103309
24.784000000000	-0.33925566619357	0.66169799586449
24.790000000000	-0.33625799266151	0.66334065872625
24.796000000000	-0.33325296621488	0.66496938943644
24.802000000000	-0.33024065278502	0.66658415812526
24.808000000000	-0.32722111840730	0.66818493523536
24.814000000000	-0.32419442921959	0.66977169152207
24.820000000000	-0.32116065146083	0.67134439805369
24.826000000000	-0.31811985146955	0.67290302621176
24.832000000000	-0.31507209568241	0.67444754769133
24.838000000000	-0.31201745063273	0.67597793450117
24.844000000000	-0.30895598294899	0.67749415896404
24.850000000000	-0.30588775935340	0.67899619371694
24.856000000000	-0.30281284666042	0.68048401171130
24.862000000000	-0.29973131177526	0.68195758621325
24.868000000000	-0.29664322169245	0.68341689080379
24.874000000000	-0.29354864349433	0.68486189937902
24.880000000000	-0.29044764434963	0.68629258615035
24.886000000000	-0.28734029151192	0.68770892564468
24.892000000000	-0.28422665231823	0.68911089270460
24.898000000000	-0.28110679418750	0.69049846248853
24.904000000000	-0.27798078461917	0.69187161047097
24.910000000000	-0.27484869119164	0.69323031244259
24.916000000000	-0.27171058156089	0.69457454451044
24.922000000000	-0.26856652345892	0.69590428309806
24.928000000000	-0.26541658469232	0.69721950494567
24.934000000000	-0.26226083314081	0.69852018711028
24.940000000000	-0.25909933675575	0.69980630696583
24.946000000000	-0.25593216355868	0.70107784220331
24.952000000000	-0.25275938163982	0.70233477083088
24.958000000000	-0.24958105915666	0.70357707117398
24.964000000000	-0.24639726433244	0.70480472187545
24.970000000000	-0.24320806545469	0.70601770189558
24.976000000000	-0.24001353087378	0.70721599051226
24.982000000000	-0.23681372900146	0.70839956732100
24.988000000000	-0.23360872830933	0.70956841223507
24.994000000000	-0.23039859732747	0.71072250548552
25.000000000000	-0.22718340464289	0.71186182762127
25.006000000000	-0.22396321889812	0.71298635950912
25.012000000000	-0.22073810878970	0.71409608233387
25.018000000000	-0.21750814306676	0.71519097759831
25.024000000000	-0.21427339052955	0.71627102712324
25.030000000000	-0.21103392002794	0.71733621304756
25.036000000000	-0.20778980046000	0.71838651782822
25.042000000000	-0.20454110077053	0.71942192424028
25.048000000000	-0.20128788994959	0.72044241537690
25.054000000000	-0.19803023703107	0.72144797464934
25.060000000000	-0.19476821109119	0.72243858578695
25.066000000000	-0.19150188124708	0.72341423283716
25.072000000000	-0.18823131665530	0.72437490016546
25.078000000000	-0.18495658651044	0.72532057245535
25.084000000000	-0.18167776004357	0.72625123470836
25.090000000000	-0.17839490652091	0.72716687224394
25.096000000000	-0.17510809524226	0.72806747069945
25.102000000000	-0.17181739553966	0.72895301603010
25.108000000000	-0.16852287677587	0.72982349450889
25.114000000000	-0.16522460834295	0.73067889272654
25.120000000000	-0.16192265966082	0.73151919759139
25.126000000000	-0.15861710017581	0.73234439632936
25.132000000000	-0.15530799935922	0.73315447648382
25.138000000000	-0.15199542670588	0.73394942591552
25.144000000000	-0.14867945173274	0.73472923280249
25.150000000000	-0.14536014397738	0.73549388563990
25.156000000000	-0.14203757299662	0.73624337323998
25.162000000000	-0.13871180836506	0.73697768473187
25.168000000000	-0.13538291967369	0.73769680956150
25.174000000000	-0.13205097652841	0.73840073749148
25.180000000000	-0.12871604854864	0.73908945860089
25.186000000000	-0.12537820536586	0.73976296328521
25.192000000000	-0.12203751662224	0.74042124225611
25.198000000000	-0.11869405196917	0.74106428654130
25.204000000000	-0.11534788106585	0.74169208748438
25.210000000000	-0.11199907357790	0.74230463674463
25.216000000000	-0.10864769917592	0.74290192629686
25.222000000000	-0.10529382753408	0.74348394843121
25.228000000000	-0.10193752832871	0.74405069575294
25.234000000000	-0.098578871236893	0.74460216118226
25.240000000000	-0.095217925935070	0.74513833795408
25.246000000000	-0.091854762097617	0.74565921961784
25.252000000000	-0.088489449395449	0.74616480003725
25.258000000000	-0.085122057494628	0.74665507339009
25.264000000000	-0.081752656054957	0.74713003416797
25.270000000000	-0.078381314728590	0.74758967717607
25.276000000000	-0.075008103158639	0.74803399753292
25.282000000000	-0.071633090977781	0.74846299067015
25.288000000000	-0.068256347806875	0.74887665233218
25.294000000000	-0.064877943253574	0.74927497857604
25.300000000000	-0.061497946910943	0.74965796577100
25.306000000000	-0.058116428356083	0.75002561059839
25.312000000000	-0.054733457148746	0.75037791005124
25.318000000000	-0.051349102829971	0.75071486143403
25.324000000000	-0.047963434920702	0.75103646236237
25.330000000000	-0.044576522920430	0.75134271076273
25.336000000000	-0.041188436305811	0.75163360487209
25.342000000000	-0.037799244529321	0.75190914323766
25.348000000000	-0.034409017017882	0.75216932471653
25.354000000000	-0.031017823171512	0.75241414847539
25.360000000000	-0.027625732361966	0.75264361399013
25.366000000000	-0.024232813931383	0.75285772104557
25.372000000000	-0.020839137190942	0.75305646973505
25.378000000000	-0.017444771419513	0.75323986046013
25.384000000000	-0.014049785862314	0.75340789393023
25.390000000000	-0.010654249729571	0.75356057116222
25.396000000000	-0.0072582321951832	0.75369789348011
25.402000000000	-0.0038618023953865	0.75381986251465
25.408000000000	-0.00046502942742536	0.75392648020292
25.414000000000	0.0029320176517760	0.75401774878801
25.420000000000	0.0063292698269371	0.75409367081859
25.426000000000	0.0097266581257426	0.75415424914849
25.432000000000	0.013124113620158	0.75419948693635
25.438000000000	0.016521567427750	0.75422938764518
25.444000000000	0.019918950712991	0.75424395504193
25.450000000000	0.023316194688568	0.75424319319711
25.456000000000	0.026713230616689	0.75422710648435
25.462000000000	0.030109989810384	0.75419569957995
25.468000000000	0.033506403634802	0.75414897746247
25.474000000000	0.036902403508503	0.75408694541226
25.480000000000	0.040297920904753	0.75400960901104
25.486000000000	0.043692887352807	0.75391697414143
25.492000000000	0.047087234439195	0.75380904698651
25.498000000000	0.050480893809002	0.75368583402933
25.504000000000	0.053873797167143	0.75354734205246
25.510000000000	0.057265876279638	0.75339357813750
25.516000000000	0.060657062974876	0.75322454966463
25.522000000000	0.064047289144893	0.75304026431210
25.528000000000	0.067436486746619	0.75284073005573
25.534000000000	0.070824587803143	0.75262595516846
25.540000000000	0.074211524404971	0.75239594821978
25.546000000000	0.077597228711271	0.75215071807529
25.552000000000	0.080981632951122	0.75189027389618
25.558000000000	0.084364669424758	0.75161462513866
25.564000000000	0.087746270504809	0.75132378155350
25.570000000000	0.091126368637531	0.75101775318548
25.576000000000	0.094504896344044	0.75069655037285
25.582000000000	0.097881786221556	0.75036018374682
25.588000000000	0.10125697094459	0.75000866423099
25.594000000000	0.10463038326620	0.74964200304083
25.600000000000	0.10800195601918	0.74926021168311
25.606000000000	0.11137162211731	0.74886330195536
25.612000000000	0.11473931455653	0.74845128594530
25.618000000000	0.11810496641613	0.74802417603027
25.624000000000	0.12146851086000	0.74758198487668
25.630000000000	0.12482988113780	0.74712472543943
25.636000000000	0.12818901058615	0.74665241096130
25.642000000000	0.13154583262980	0.74616505497243
25.648000000000	0.13490028078287	0.74566267128966
25.654000000000	0.13825228864997	0.74514527401599
25.660000000000	0.14160178992739	0.74461287753997
25.666000000000	0.14494871840432	0.74406549653508
25.672000000000	0.14829300796395	0.74350314595914
25.678000000000	0.15163459258467	0.74292584105370
25.684000000000	0.15497340634122	0.74233359734342
25.690000000000	0.15830938340585	0.74172643063546
25.696000000000	0.16164245804945	0.74110435701884
25.702000000000	0.16497256464276	0.74046739286383
25.708000000000	0.16829963765741	0.73981555482130
25.714000000000	0.17162361166715	0.73914885982211
25.720000000000	0.17494442134894	0.73846732507643
25.726000000000	0.17826200148409	0.73777096807314
25.732000000000	0.18157628695937	0.73705980657915
25.738000000000	0.18488721276815	0.73633385863875
25.744000000000	0.18819471401151	0.73559314257297
25.750000000000	0.19149872589937	0.73483767697890
25.756000000000	0.19479918375156	0.73406748072906
25.762000000000	0.19809602299894	0.73328257297067
25.768000000000	0.20138917918453	0.73248297312504
25.774000000000	0.20467858796454	0.73166870088685
25.780000000000	0.20796418510952	0.73083977622348
25.786000000000	0.21124590650544	0.72999621937437
25.792000000000	0.21452368815473	0.72913805085024
25.798000000000	0.21779746617740	0.72826529143250
25.804000000000	0.22106717681208	0.72737796217247
25.810000000000	0.22433275641711	0.72647608439074
25.816000000000	0.22759414147162	0.72555967967643
25.822000000000	0.23085126857653	0.72462876988651
25.828000000000	0.23410407445569	0.72368337714507
25.834000000000	0.23735249595684	0.72272352384262
25.840000000000	0.24059647005273	0.72174923263536
25.846000000000	0.24383593384212	0.72076052644446
25.852000000000	0.24707082455083	0.71975742845537
25.858000000000	0.25030107953277	0.71873996211704
25.864000000000	0.25352663627097	0.71770815114123
25.870000000000	0.25674743237862	0.71666201950174
25.876000000000	0.25996340560006	0.71560159143373
25.882000000000	0.26317449381179	0.71452689143289
25.888000000000	0.26638063502354	0.71343794425480
25.894000000000	0.26958176737921	0.71233477491410
25.900000000000	0.27277782915789	0.71121740868378
25.906000000000	0.27596875877488	0.71008587109442
25.912000000000	0.27915449478266	0.70894018793343
25.918000000000	0.28233497587186	0.70778038524428
25.924000000000	0.28551014087230	0.70660648932577
25.930000000000	0.28867992875392	0.70541852673123
25.936000000000	0.29184427862777	0.70421652426775
25.942000000000	0.29500312974697	0.70300050899546
25.948000000000	0.29815642150769	0.70177050822669
25.954000000000	0.30130409345011	0.70052654952521
25.960000000000	0.30444608525936	0.69926866070550
25.966000000000	0.30758233676650	0.69799686983189
25.972000000000	0.31071278794942	0.69671120521782
25.978000000000	0.31383737893384	0.69541169542506
25.984000000000	0.31695604999420	0.69409836926289
25.990000000000	0.32006874155463	0.69277125578730
25.996000000000	0.32317539418984	0.69143038430024
26.002000000000	0.32627594862609	0.69007578434876
26.008000000000	0.32937034574207	0.68870748572427
26.014000000000	0.33245852656984	0.68732551846169
26.020000000000	0.33554043229572	0.68592991283866
26.026000000000	0.33861600426123	0.68452069937470
26.032000000000	0.34168518396396	0.68309790883048
26.038000000000	0.34474791305847	0.68166157220691
26.044000000000	0.34780413335719	0.68021172074437
26.050000000000	0.35085378683134	0.67874838592189
26.056000000000	0.35389681561175	0.67727159945633
26.062000000000	0.35693316198978	0.67578139330154
26.068000000000	0.35996276841820	0.67427779964754
26.074000000000	0.36298557751204	0.67276085091970
26.080000000000	0.36600153204945	0.67123057977791
26.086000000000	0.36901057497260	0.66968701911572
26.092000000000	0.37201264938851	0.66813020205955
26.098000000000	0.37500769856988	0.66656016196780
26.104000000000	0.37799566595599	0.66497693243006
26.110000000000	0.38097649515350	0.66338054726624
26.116000000000	0.38395012993732	0.66177104052572
26.122000000000	0.38691651425142	0.66014844648655
26.128000000000	0.38987559220968	0.65851279965453
26.134000000000	0.39282730809669	0.65686413476242
26.140000000000	0.39577160636862	0.65520248676906
26.146000000000	0.39870843165397	0.65352789085855
26.152000000000	0.40163772875445	0.65184038243932
26.158000000000	0.40455944264573	0.65013999714337
26.164000000000	0.40747351847830	0.64842677082532
26.170000000000	0.41037990157821	0.64670073956164
26.176000000000	0.41327853744792	0.64496193964968
26.182000000000	0.41616937176707	0.64321040760690
26.188000000000	0.41905235039323	0.64144618016997
26.194000000000	0.42192741936276	0.63966929429388
26.200000000000	0.42479452489151	0.63787978715109
26.206000000000	0.42765361337564	0.63607769613067
26.212000000000	0.43050463139240	0.63426305883741
26.218000000000	0.43334752570082	0.63243591309093
26.224000000000	0.43618224324258	0.63059629692485
26.230000000000	0.43900873114267	0.62874424858588
26.236000000000	0.44182693671019	0.62687980653292
26.242000000000	0.44463680743911	0.62500300943624
26.248000000000	0.44743829100897	0.62311389617653
26.254000000000	0.45023133528566	0.62121250584406
26.260000000000	0.45301588832211	0.61929887773779
26.266000000000	0.45579189835910	0.61737305136446
26.272000000000	0.45855931382590	0.61543506643772
26.278000000000	0.46131808334103	0.61348496287725
26.284000000000	0.46406815571299	0.61152278080783
26.290000000000	0.46680947994096	0.60954856055849
26.296000000000	0.46954200521552	0.60756234266159
26.302000000000	0.47226568091933	0.60556416785195
26.308000000000	0.47498045662788	0.60355407706591
26.314000000000	0.47768628211014	0.60153211144048
26.320000000000	0.48038310732927	0.59949831231241
26.326000000000	0.48307088244334	0.59745272121730
26.332000000000	0.48574955780596	0.59539537988871
26.338000000000	0.48841908396702	0.59332633025722
26.344000000000	0.49107941167330	0.59124561444958
26.350000000000	0.49373049186923	0.58915327478776
26.356000000000	0.49637227569748	0.58704935378807
26.362000000000	0.49900471449967	0.58493389416022
26.368000000000	0.50162775981703	0.58280693880646
26.374000000000	0.50424136339102	0.58066853082064
26.380000000000	0.50684547716405	0.57851871348729
26.386000000000	0.50944005328006	0.57635753028074
26.392000000000	0.51202504408522	0.57418502486419
26.398000000000	0.51460040212853	0.57200124108877
26.404000000000	0.51716608016251	0.56980622299269
26.410000000000	0.51972203114377	0.56760001480025
26.416000000000	0.52226820823370	0.56538266092099
26.422000000000	0.52480456479906	0.56315420594873
26.428000000000	0.52733105441260	0.56091469466066
26.434000000000	0.52984763085372	0.55866417201641
26.440000000000	0.53235424810904	0.55640268315718
26.446000000000	0.53485086037303	0.55413027340475
26.452000000000	0.53733742204863	0.55184698826060
26.458000000000	0.53981388774783	0.54955287340499
26.464000000000	0.54228021229227	0.54724797469599
26.470000000000	0.54473635071388	0.54493233816863
26.476000000000	0.54718225825542	0.54260601003391
26.482000000000	0.54961789037109	0.54026903667788
26.488000000000	0.55204320272712	0.53792146466077
26.494000000000	0.55445815120235	0.53556334071599
26.500000000000	0.55686269188880	0.53319471174924
26.506000000000	0.55925678109225	0.53081562483757
26.512000000000	0.56164037533283	0.52842612722846
26.518000000000	0.56401343134553	0.52602626633888
26.524000000000	0.56637590608084	0.52361608975436
26.530000000000	0.56872775670526	0.52119564522805
26.536000000000	0.57106894060186	0.51876498067980
26.542000000000	0.57339941537085	0.51632414419522
26.548000000000	0.57571913883013	0.51387318402473
26.554000000000	0.57802806901582	0.51141214858268
26.560000000000	0.58032616418282	0.50894108644632
26.566000000000	0.58261338280531	0.50646004635496
26.572000000000	0.58488968357736	0.50396907720897
26.578000000000	0.58715502541339	0.50146822806887
26.584000000000	0.58940936744873	0.49895754815437
26.590000000000	0.59165266904015	0.49643708684346
26.596000000000	0.59388488976638	0.49390689367143
26.602000000000	0.59610598942861	0.49136701832999
26.608000000000	0.59831592805102	0.48881751066627
26.614000000000	0.60051466588131	0.48625842068188
26.620000000000	0.60270216339116	0.48368979853202
26.626000000000	0.60487838127678	0.48111169452450
26.632000000000	0.60704328045942	0.47852415911878
26.638000000000	0.60919682208580	0.47592724292506
26.644000000000	0.61133896752868	0.47332099670333
26.650000000000	0.61346967838733	0.47070547136241
26.656000000000	0.61558891648800	0.46808071795899
26.662000000000	0.61769664388442	0.46544678769674
26.668000000000	0.61979282285827	0.46280373192529
26.674000000000	0.62187741591971	0.46015160213935
26.680000000000	0.62395038580776	0.45749044997772
26.686000000000	0.62601169549089	0.45482032722232
26.692000000000	0.62806130816738	0.45214128579733
26.698000000000	0.63009918726588	0.44945337776814
26.704000000000	0.63212529644578	0.44675665534044
26.710000000000	0.63413959959778	0.44405117085930
26.716000000000	0.63614206084424	0.44133697680817
26.722000000000	0.63813264453972	0.43861412580794
26.728000000000	0.64011131527136	0.43588267061601
26.734000000000	0.64207803785939	0.43314266412530
26.740000000000	0.64403277735754	0.43039415936333
26.746000000000	0.64597549905349	0.42763720949126
26.752000000000	0.64790616846931	0.42487186780291
26.758000000000	0.64982475136189	0.42209818772382
26.764000000000	0.65173121372339	0.41931622281032
26.770000000000	0.65362552178166	0.41652602674851
26.776000000000	0.65550764200065	0.41372765335338
26.782000000000	0.65737754108088	0.41092115656779
26.788000000000	0.65923518595981	0.40810659046155
26.794000000000	0.66108054381229	0.40528400923042
26.800000000000	0.66291358205096	0.40245346719521
26.806000000000	0.66473426832668	0.39961501880077
26.812000000000	0.66654257052893	0.39676871861505
26.818000000000	0.66833845678622	0.39391462132812
26.824000000000	0.67012189546647	0.39105278175126
26.830000000000	0.67189285517745	0.38818325481592
26.836000000000	0.67365130476717	0.38530609557283
26.842000000000	0.67539721332425	0.38242135919099
26.848000000000	0.67713055017833	0.37952910095671
26.854000000000	0.67885128490047	0.37662937627269
26.860000000000	0.68055938730352	0.37372224065699
26.866000000000	0.68225482744252	0.37080774974211
26.872000000000	0.68393757561505	0.36788595927400
26.878000000000	0.68560760236166	0.36495692511112
26.884000000000	0.68726487846621	0.36202070322344
26.890000000000	0.68890937495624	0.35907734969148
26.896000000000	0.69054106310337	0.35612692070537
26.902000000000	0.69215991442363	0.35316947256384
26.908000000000	0.69376590067787	0.35020506167326
26.914000000000	0.69535899387208	0.34723374454671
26.920000000000	0.69693916625776	0.34425557780294
26.926000000000	0.69850639033233	0.34127061816545
26.932000000000	0.70006063883938	0.33827892246151
26.938000000000	0.70160188476913	0.33528054762117
26.944000000000	0.70313010135870	0.33227555067628
26.950000000000	0.70464526209251	0.32926398875955
26.956000000000	0.70614734070259	0.32624591910354
26.962000000000	0.70763631116893	0.32322139903970
26.968000000000	0.70911214771983	0.32019048599739
26.974000000000	0.71057482483222	0.31715323750292
26.980000000000	0.71202431723200	0.31410971117853
26.986000000000	0.71346059989439	0.31105996474145
26.992000000000	0.71488364804420	0.30800405600289
26.998000000000	0.71629343715624	0.30494204286711
27.004000000000	0.71768994295557	0.30187398333038
27.010000000000	0.71907314141786	0.29879993548001
27.016000000000	0.72044300876968	0.29571995749341
27.022000000000	0.72179952148885	0.29263410763706
27.028000000000	0.72314265630473	0.28954244426554
27.034000000000	0.72447239019853	0.28644502582057
27.040000000000	0.72578870040362	0.28334191082996
27.046000000000	0.72709156440583	0.28023315790671
27.052000000000	0.72838095994377	0.27711882574794
27.058000000000	0.72965686500912	0.27399897313397
27.064000000000	0.73091925784691	0.27087365892727
27.070000000000	0.73216811695585	0.26774294207153
27.076000000000	0.73340342108857	0.26460688159061
27.082000000000	0.73462514925198	0.26146553658759
27.088000000000	0.73583328070749	0.25831896624377
27.094000000000	0.73702779497133	0.25516722981767
27.100000000000	0.73820867181483	0.25201038664402
27.106000000000	0.73937589126470	0.24884849613280
27.112000000000	0.74052943360327	0.24568161776821
27.118000000000	0.74166927936882	0.24250981110770
27.124000000000	0.74279540935583	0.23933313578095
27.130000000000	0.74390780461523	0.23615165148889
27.136000000000	0.74500644645468	0.23296541800268
27.142000000000	0.74609131643885	0.22977449516271
27.148000000000	0.74716239638966	0.22657894287763
27.154000000000	0.74821966838655	0.22337882112332
27.160000000000	0.74926311476671	0.22017418994186
27.166000000000	0.75029271812539	0.21696510944059
27.172000000000	0.75130846131609	0.21375163979105
27.178000000000	0.75231032745086	0.21053384122800
27.184000000000	0.75329829990050	0.20731177404839
27.190000000000	0.75427236229482	0.20408549861038
27.196000000000	0.75523249852292	0.20085507533229
27.202000000000	0.75617869273336	0.19762056469164
27.208000000000	0.75711092933445	0.19438202722408
27.214000000000	0.75802919299445	0.19113952352242
27.220000000000	0.75893346864182	0.18789311423560
27.226000000000	0.75982374146545	0.18464286006767
27.232000000000	0.76069999691487	0.18138882177678
27.238000000000	0.76156222070046	0.17813106017416
27.244000000000	0.76241039879372	0.17486963612310
27.250000000000	0.76324451742745	0.17160461053791
27.256000000000	0.76406456309596	0.16833604438294
27.262000000000	0.76487052255530	0.16506399867152
27.268000000000	0.76566238282347	0.16178853446495
27.274000000000	0.76644013118062	0.15850971287148
27.280000000000	0.76720375516924	0.15522759504528
27.286000000000	0.76795324259440	0.15194224218538
27.292000000000	0.76868858152391	0.14865371553470
27.298000000000	0.76940976028852	0.14536207637897
27.304000000000	0.77011676748216	0.14206738604574
27.310000000000	0.77080959196207	0.13876970590329
27.316000000000	0.77148822284902	0.13546909735966
27.322000000000	0.77215264952749	0.13216562186157
27.328000000000	0.77280286164585	0.12885934089337
27.334000000000	0.77343884911654	0.12555031597608
27.340000000000	0.77406060211626	0.12223860866626
27.346000000000	0.77466811108613	0.11892428055501
27.352000000000	0.77526136673185	0.11560739326694
27.358000000000	0.77584036002390	0.11228800845909
27.364000000000	0.77640508219769	0.10896618781992
27.370000000000	0.77695552475371	0.10564199306823
27.376000000000	0.77749167945771	0.10231548595215
27.382000000000	0.77801353834086	0.098986728248051
27.388000000000	0.77852109369988	0.095655781759524
27.394000000000	0.77901433809721	0.092322708316313
27.400000000000	0.77949326436117	0.088987569773261
27.406000000000	0.77995786558607	0.085650428009261
27.412000000000	0.78040813513238	0.082311344926192
27.418000000000	0.78084406662689	0.078970382447867
27.424000000000	0.78126565396278	0.075627602518970
27.430000000000	0.78167289129982	0.072283067103991
27.436000000000	0.78206577306448	0.068936838186171
27.442000000000	0.78244429395005	0.065588977766430
27.448000000000	0.78280844891676	0.062239547862307
27.454000000000	0.78315823319193	0.058888610506888
27.460000000000	0.78349364227005	0.055536227747738
27.466000000000	0.78381467191294	0.052182461645832
27.472000000000	0.78412131814983	0.048827374274481
27.478000000000	0.78441357727747	0.045471027718259
27.484000000000	0.78469144586026	0.042113484071928
27.490000000000	0.78495492073033	0.038754805439359
27.496000000000	0.78520399898766	0.035395053932457
27.502000000000	0.78543867800017	0.032034291670079
27.508000000000	0.78565895540379	0.028672580776946
27.514000000000	0.78586482910260	0.025309983382572
27.520000000000	0.78605629726886	0.021946561620171
27.526000000000	0.78623335834314	0.018582377625572
27.532000000000	0.78639601103440	0.015217493536127
27.538000000000	0.78654425432002	0.011851971489630
27.544000000000	0.78667808744592	0.0084858736232162
27.550000000000	0.78679750992663	0.0051192620722732
27.556000000000	0.78690252154532	0.0017521989693460
27.562000000000	0.78699312235390	-0.0016152535569605
27.568000000000	0.78706931267309	-0.0049830333830794
27.574000000000	0.78713109309241	-0.0083510783915800
27.580000000000	0.78717846447033	-0.011719326472277
27.586000000000	0.78721142793424	-0.015087715523321
27.592000000000	0.78722998488054	-0.018456183452315
27.598000000000	0.78723413697465	-0.021824668177413
27.604000000000	0.78722388615111	-0.025193107628434
27.610000000000	0.78719923461353	-0.028561439747971
27.616000000000	0.78716018483471	-0.031929602492498
27.622000000000	0.78710673955660	-0.035297533833489
27.628000000000	0.78703890179036	-0.038665171758534
27.634000000000	0.78695667481638	-0.042032454272447
27.640000000000	0.78686006218429	-0.045399319398396
27.646000000000	0.78674906771296	-0.048765705179016
27.652000000000	0.78662369549056	-0.052131549677531
27.658000000000	0.78648394987449	-0.055496790978883
27.664000000000	0.78632983549146	-0.058861367190850
27.670000000000	0.78616135723744	-0.062225216445182
27.676000000000	0.78597852027766	-0.065588276898720
27.682000000000	0.78578133004663	-0.068950486734534
27.688000000000	0.78556979224808	-0.072311784163050
27.694000000000	0.78534391285500	-0.075672107423192
27.700000000000	0.78510369810957	-0.079031394783507
27.706000000000	0.78484915452314	-0.082389584543309
27.712000000000	0.78458028887625	-0.085746615033817
27.718000000000	0.78429710821853	-0.089102424619294
27.724000000000	0.78399961986872	-0.092456951698192
27.730000000000	0.78368783141457	-0.095810134704295
27.736000000000	0.78336175071287	-0.099161912107863
27.742000000000	0.78302138588931	-0.10251222241678
27.748000000000	0.78266674533851	-0.10586100417771
27.754000000000	0.78229783772392	-0.10920819597724
27.760000000000	0.78191467197774	-0.11255373644303
27.766000000000	0.78151725730091	-0.11589756424497
27.772000000000	0.78110560316297	-0.11923961809634
27.778000000000	0.78067971930205	-0.12257983675499
27.784000000000	0.78023961572475	-0.12591815902442
27.790000000000	0.77978530270604	-0.12925452375505
27.796000000000	0.77931679078924	-0.13258886984530
27.802000000000	0.77883409078585	-0.13592113624277
27.808000000000	0.77833721377550	-0.13925126194544
27.814000000000	0.77782617110582	-0.14257918600282
27.820000000000	0.77730097439237	-0.14590484751707
27.826000000000	0.77676163551847	-0.14922818564427
27.832000000000	0.77620816663514	-0.15254913959549
27.838000000000	0.77564058016095	-0.15586764863803
27.844000000000	0.77505888878191	-0.15918365209658
27.850000000000	0.77446310545132	-0.16249708935436
27.856000000000	0.77385324338963	-0.16580789985437
27.862000000000	0.77322931608435	-0.16911602310049
27.868000000000	0.77259133728985	-0.17242139865873
27.874000000000	0.77193932102721	-0.17572396615836
27.880000000000	0.77127328158412	-0.17902366529313
27.886000000000	0.77059323351466	-0.18232043582244
27.892000000000	0.76989919163917	-0.18561421757251
27.898000000000	0.76919117104408	-0.18890495043762
27.904000000000	0.76846918708170	-0.19219257438125
27.910000000000	0.76773325537008	-0.19547702943729
27.916000000000	0.76698339179282	-0.19875825571122
27.922000000000	0.76621961249885	-0.20203619338133
27.928000000000	0.76544193390227	-0.20531078269990
27.934000000000	0.76465037268212	-0.20858196399440
27.940000000000	0.76384494578219	-0.21184967766868
27.946000000000	0.76302567041083	-0.21511386420416
27.952000000000	0.76219256404068	-0.21837446416108
27.958000000000	0.76134564440848	-0.22163141817965
27.964000000000	0.76048492951487	-0.22488466698126
27.970000000000	0.75961043762409	-0.22813415136971
27.976000000000	0.75872218726381	-0.23137981223239
27.982000000000	0.75782019722483	-0.23462159054152
27.988000000000	0.75690448656088	-0.23785942735531
27.994000000000	0.75597507458833	-0.24109326381921
28.000000000000	0.75503198088595	-0.24432304116710
