#Parameters = {Epsilon=3; a=8.636; b=4.318; d_new=2; d_odj=74.4; h=1; l=26; l_old=26; tg_delta=0.01}
#"Frequency / GHz"	"S2,1 [Re]"	"S2,1 [Im]"
#-----------------------------------------
22.000000000000	-0.27276800078213	-0.62949598702812
22.006000000000	-0.27611120916779	-0.62820924627322
22.012000000000	-0.27944728406062	-0.62690507686666
22.018000000000	-0.28277613429908	-0.62558352438405
22.024000000000	-0.28609766907145	-0.62424463487926
22.030000000000	-0.28941179791819	-0.62288845488129
22.036000000000	-0.29271843073408	-0.62151503139113
22.042000000000	-0.29601747777050	-0.62012441187861
22.048000000000	-0.29930884963761	-0.61871664427926
22.054000000000	-0.30259245730645	-0.61729177699115
22.060000000000	-0.30586821211112	-0.61584985887175
22.066000000000	-0.30913602575080	-0.61439093923474
22.072000000000	-0.31239581029189	-0.61291506784686
22.078000000000	-0.31564747816998	-0.61142229492477
22.084000000000	-0.31889094219189	-0.60991267113184
22.090000000000	-0.32212611553762	-0.60838624757499
22.096000000000	-0.32535291176228	-0.60684307580154
22.102000000000	-0.32857124479805	-0.60528320779601
22.108000000000	-0.33178102895602	-0.60370669597692
22.114000000000	-0.33498217892806	-0.60211359319368
22.120000000000	-0.33817460978867	-0.60050395272335
22.126000000000	-0.34135823699673	-0.59887782826745
22.132000000000	-0.34453297639732	-0.59723527394885
22.138000000000	-0.34769874422344	-0.59557634430850
22.144000000000	-0.35085545709770	-0.59390109430232
22.150000000000	-0.35400303203407	-0.59220957929796
22.156000000000	-0.35714138643947	-0.59050185507166
22.162000000000	-0.36027043811543	-0.58877797780505
22.168000000000	-0.36339010525971	-0.58703800408196
22.174000000000	-0.36650030646783	-0.58528199088525
22.180000000000	-0.36960096073469	-0.58350999559365
22.186000000000	-0.37269198745599	-0.58172207597854
22.192000000000	-0.37577330642984	-0.57991829020082
22.198000000000	-0.37884483785813	-0.57809869680770
22.204000000000	-0.38190650234803	-0.57626335472953
22.210000000000	-0.38495822091338	-0.57441232327668
22.216000000000	-0.38799991497609	-0.57254566213630
22.222000000000	-0.39103150636750	-0.57066343136922
22.228000000000	-0.39405291732971	-0.56876569140673
22.234000000000	-0.39706407051689	-0.56685250304748
22.240000000000	-0.40006488899660	-0.56492392745428
22.246000000000	-0.40305529625099	-0.56298002615098
22.252000000000	-0.40603521617810	-0.56102086101931
22.258000000000	-0.40900457309300	-0.55904649429571
22.264000000000	-0.41196329172904	-0.55705698856824
22.270000000000	-0.41491129723900	-0.55505240677342
22.276000000000	-0.41784851519616	-0.55303281219310
22.282000000000	-0.42077487159552	-0.55099826845132
22.288000000000	-0.42369029285478	-0.54894883951121
22.294000000000	-0.42659470581549	-0.54688458967187
22.300000000000	-0.42948803774405	-0.54480558356526
22.306000000000	-0.43237021633272	-0.54271188615306
22.312000000000	-0.43524116970062	-0.54060356272365
22.318000000000	-0.43810082639472	-0.53848067888891
22.324000000000	-0.44094911539076	-0.53634330058121
22.330000000000	-0.44378596609420	-0.53419149405031
22.336000000000	-0.44661130834109	-0.53202532586026
22.342000000000	-0.44942507239897	-0.52984486288633
22.348000000000	-0.45222718896774	-0.52765017231200
22.354000000000	-0.45501758918046	-0.52544132162581
22.360000000000	-0.45779620460417	-0.52321837861841
22.366000000000	-0.46056296724071	-0.52098141137942
22.372000000000	-0.46331780952746	-0.51873048829446
22.378000000000	-0.46606066433811	-0.51646567804209
22.384000000000	-0.46879146498337	-0.51418704959080
22.390000000000	-0.47151014521165	-0.51189467219598
22.396000000000	-0.47421663920982	-0.50958861539692
22.402000000000	-0.47691088160380	-0.50726894901379
22.408000000000	-0.47959280745925	-0.50493574314468
22.414000000000	-0.48226235228216	-0.50258906816260
22.420000000000	-0.48491945201948	-0.50022899471247
22.426000000000	-0.48756404305969	-0.49785559370821
22.432000000000	-0.49019606223337	-0.49546893632973
22.438000000000	-0.49281544681373	-0.49306909401998
22.444000000000	-0.49542213451715	-0.49065613848203
22.450000000000	-0.49801606350370	-0.48823014167612
22.456000000000	-0.50059717237758	-0.48579117581672
22.462000000000	-0.50316540018764	-0.48333931336961
22.468000000000	-0.50572068642777	-0.48087462704899
22.474000000000	-0.50826297103741	-0.47839718981457
22.480000000000	-0.51079219440189	-0.47590707486864
22.486000000000	-0.51330829735286	-0.47340435565324
22.492000000000	-0.51581122116865	-0.47088910584724
22.498000000000	-0.51830090757465	-0.46836139936350
22.504000000000	-0.52077729874364	-0.46582131034598
22.510000000000	-0.52324033729611	-0.46326891316694
22.516000000000	-0.52568996630056	-0.46070428242405
22.522000000000	-0.52812612927380	-0.45812749293757
22.528000000000	-0.53054877018125	-0.45553861974757
22.534000000000	-0.53295783343712	-0.45293773811105
22.540000000000	-0.53535326390474	-0.45032492349921
22.546000000000	-0.53773500689673	-0.44770025159458
22.552000000000	-0.54010300817520	-0.44506379828830
22.558000000000	-0.54245721395199	-0.44241563967733
22.564000000000	-0.54479757088878	-0.43975585206165
22.570000000000	-0.54712402609732	-0.43708451194157
22.576000000000	-0.54943652713951	-0.43440169601492
22.582000000000	-0.55173502202758	-0.43170748117435
22.588000000000	-0.55401945922418	-0.42900194450461
22.594000000000	-0.55628978764246	-0.42628516327981
22.600000000000	-0.55854595664621	-0.42355721496075
22.606000000000	-0.56078791604988	-0.42081817719217
22.612000000000	-0.56301561611863	-0.41806812780014
22.618000000000	-0.56522900756843	-0.41530714478931
22.624000000000	-0.56742804156602	-0.41253530634029
22.630000000000	-0.56961266972898	-0.40975269080699
22.636000000000	-0.57178284412567	-0.40695937671396
22.642000000000	-0.57393851727527	-0.40415544275376
22.648000000000	-0.57607964214772	-0.40134096778436
22.654000000000	-0.57820617216370	-0.39851603082647
22.660000000000	-0.58031806119453	-0.39568071106101
22.666000000000	-0.58241526356218	-0.39283508782646
22.672000000000	-0.58449773403912	-0.38997924061627
22.678000000000	-0.58656542784825	-0.38711324907635
22.684000000000	-0.58861830066283	-0.38423719300244
22.690000000000	-0.59065630860629	-0.38135115233760
22.696000000000	-0.59267940825217	-0.37845520716964
22.702000000000	-0.59468755662394	-0.37554943772860
22.708000000000	-0.59668071119484	-0.37263392438423
22.714000000000	-0.59865882988775	-0.36970874764347
22.720000000000	-0.60062187107499	-0.36677398814796
22.726000000000	-0.60256979357812	-0.36382972667155
22.732000000000	-0.60450255666777	-0.36087604411779
22.738000000000	-0.60642012006338	-0.35791302151750
22.744000000000	-0.60832244393306	-0.35494074002629
22.750000000000	-0.61020948889326	-0.35195928092210
22.756000000000	-0.61208121600859	-0.34896872560278
22.762000000000	-0.61393758679156	-0.34596915558365
22.768000000000	-0.61577856320228	-0.34296065249508
22.774000000000	-0.61760410764822	-0.33994329808009
22.780000000000	-0.61941418298392	-0.33691717419195
22.786000000000	-0.62120875251066	-0.33388236279178
22.792000000000	-0.62298777997620	-0.33083894594616
22.798000000000	-0.62475122957444	-0.32778700582483
22.804000000000	-0.62649906594510	-0.32472662469823
22.810000000000	-0.62823125417337	-0.32165788493524
22.816000000000	-0.62994775978962	-0.31858086900080
22.822000000000	-0.63164854876895	-0.31549565945359
22.828000000000	-0.63333358753094	-0.31240233894371
22.834000000000	-0.63500284293917	-0.30930099021037
22.840000000000	-0.63665628230093	-0.30619169607962
22.846000000000	-0.63829387336677	-0.30307453946203
22.852000000000	-0.63991558433015	-0.29994960335042
22.858000000000	-0.64152138382696	-0.29681697081761
22.864000000000	-0.64311124093520	-0.29367672501414
22.870000000000	-0.64468512517448	-0.29052894916605
22.876000000000	-0.64624300650562	-0.28737372657260
22.882000000000	-0.64778485533021	-0.28421114060410
22.888000000000	-0.64931064249016	-0.28104127469964
22.894000000000	-0.65082033926722	-0.27786421236492
22.900000000000	-0.65231391738258	-0.27468003717000
22.906000000000	-0.65379134899630	-0.27148883274720
22.912000000000	-0.65525260670694	-0.26829068278884
22.918000000000	-0.65669766355099	-0.26508567104509
22.924000000000	-0.65812649300241	-0.26187388132185
22.930000000000	-0.65953906897215	-0.25865539747854
22.936000000000	-0.66093536580757	-0.25543030342601
22.942000000000	-0.66231535829202	-0.25219868312440
22.948000000000	-0.66367902164425	-0.24896062058099
22.954000000000	-0.66502633151789	-0.24571619984811
22.960000000000	-0.66635726400093	-0.24246550502104
22.966000000000	-0.66767179561519	-0.23920862023592
22.972000000000	-0.66896990331574	-0.23594562966765
22.978000000000	-0.67025156449033	-0.23267661752782
22.984000000000	-0.67151675695890	-0.22940166806268
22.990000000000	-0.67276545897294	-0.22612086555101
22.996000000000	-0.67399764921495	-0.22283429430216
23.002000000000	-0.67521330679783	-0.21954203865393
23.008000000000	-0.67641241126434	-0.21624418297062
23.014000000000	-0.67759494258646	-0.21294081164095
23.020000000000	-0.67876088116483	-0.20963200907609
23.026000000000	-0.67991020782811	-0.20631785970761
23.032000000000	-0.68104290383240	-0.20299844798555
23.038000000000	-0.68215895086059	-0.19967385837639
23.044000000000	-0.68325833102178	-0.19634417536109
23.050000000000	-0.68434102685062	-0.19300948343313
23.056000000000	-0.68540702130669	-0.18966986709655
23.062000000000	-0.68645629777387	-0.18632541086397
23.068000000000	-0.68748884005968	-0.18297619925471
23.074000000000	-0.68850463239464	-0.17962231679281
23.080000000000	-0.68950365943161	-0.17626384800514
23.086000000000	-0.69048590624515	-0.17290087741943
23.092000000000	-0.69145135833083	-0.16953348956245
23.098000000000	-0.69240000160460	-0.16616176895803
23.104000000000	-0.69333182240207	-0.16278580012522
23.110000000000	-0.69424680747785	-0.15940566757639
23.116000000000	-0.69514494400490	-0.15602145581537
23.122000000000	-0.69602621957378	-0.15263324933557
23.128000000000	-0.69689062219202	-0.14924113261812
23.134000000000	-0.69773814028337	-0.14584519013005
23.140000000000	-0.69856876268715	-0.14244550632243
23.146000000000	-0.69938247865749	-0.13904216562852
23.152000000000	-0.70017927786267	-0.13563525246198
23.158000000000	-0.70095915038437	-0.13222485121505
23.164000000000	-0.70172208671698	-0.12881104625671
23.170000000000	-0.70246807776685	-0.12539392193089
23.176000000000	-0.70319711485158	-0.12197356255473
23.182000000000	-0.70390918969929	-0.11855005241669
23.188000000000	-0.70460429444786	-0.11512347577489
23.194000000000	-0.70528242164424	-0.11169391685523
23.200000000000	-0.70594356424364	-0.10826145984973
23.206000000000	-0.70658771560886	-0.10482618891469
23.212000000000	-0.70721486950948	-0.10138818816899
23.218000000000	-0.70782502012111	-0.097947541692330
23.224000000000	-0.70841816202467	-0.094504333523518
23.230000000000	-0.70899429020559	-0.091058647658718
23.236000000000	-0.70955340005307	-0.087610568049749
23.242000000000	-0.71009548735928	-0.084160178602370
23.248000000000	-0.71062054831862	-0.080707563174575
23.254000000000	-0.71112857952693	-0.077252805574896
23.260000000000	-0.71161957798069	-0.073795989560716
23.266000000000	-0.71209354107628	-0.070337198836586
23.272000000000	-0.71255046660914	-0.066876517052542
23.278000000000	-0.71299035277302	-0.063414027802448
23.284000000000	-0.71341319815917	-0.059949814622327
23.290000000000	-0.71381900175555	-0.056483960988709
23.296000000000	-0.71420776294601	-0.053016550316980
23.302000000000	-0.71457948150951	-0.049547665959743
23.308000000000	-0.71493415761931	-0.046077391205180
23.314000000000	-0.71527179184213	-0.042605809275431
23.320000000000	-0.71559238513737	-0.039133003324964
23.326000000000	-0.71589593885629	-0.035659056438967
23.332000000000	-0.71618245474115	-0.032184051631735
23.338000000000	-0.71645193492444	-0.028708071845071
23.344000000000	-0.71670438192804	-0.025231199946691
23.350000000000	-0.71693979866235	-0.021753518728631
23.356000000000	-0.71715818842552	-0.018275110905670
23.362000000000	-0.71735955490257	-0.014796059113749
23.368000000000	-0.71754390216455	-0.011316445908407
23.374000000000	-0.71771123466772	-0.0078363537632038
23.380000000000	-0.71786155725273	-0.0043558650681810
23.386000000000	-0.71799487514369	-0.00087506212829717
23.392000000000	-0.71811119394740	0.0026059728381125
23.398000000000	-0.71821051965246	0.0060871577008768
23.404000000000	-0.71829285862842	0.0095684104195214
23.410000000000	-0.71835821762492	0.013049649044796
23.416000000000	-0.71840660377083	0.016530791720197
23.422000000000	-0.71843802457339	0.020011756683479
23.428000000000	-0.71845248791732	0.023492462268170
23.434000000000	-0.71845000206398	0.026972826905071
23.440000000000	-0.71843057565049	0.030452769123755
23.446000000000	-0.71839421768883	0.033932207554061
23.452000000000	-0.71834093756498	0.037411060927574
23.458000000000	-0.71827074503804	0.040889248079119
23.464000000000	-0.71818365023935	0.044366687948220
23.470000000000	-0.71807966367158	0.047843299580582
23.476000000000	-0.71795879620786	0.051319002129547
23.482000000000	-0.71782105909089	0.054793714857558
23.488000000000	-0.71766646393202	0.058267357137608
23.494000000000	-0.71749502271039	0.061739848454690
23.500000000000	-0.71730674777198	0.065211108407238
23.506000000000	-0.71710165182878	0.068681056708561
23.512000000000	-0.71687974795779	0.072149613188281
23.518000000000	-0.71664104960018	0.075616697793751
23.524000000000	-0.71638557056037	0.079082230591480
23.530000000000	-0.71611332500509	0.082546131768548
23.536000000000	-0.71582432746247	0.086008321634015
23.542000000000	-0.71551859282116	0.089468720620325
23.548000000000	-0.71519613632935	0.092927249284708
23.554000000000	-0.71485697359387	0.096383828310570
23.560000000000	-0.71450112057928	0.099838378508892
23.566000000000	-0.71412859360691	0.10329082081960
23.572000000000	-0.71373940935396	0.10674107631296
23.578000000000	-0.71333358485252	0.11018906619093
23.584000000000	-0.71291113748868	0.11363471178855
23.590000000000	-0.71247208500156	0.11707793457531
23.596000000000	-0.71201644548238	0.12051865615648
23.602000000000	-0.71154423737351	0.12395679827449
23.608000000000	-0.71105547946750	0.12739228281026
23.614000000000	-0.71055019090618	0.13082503178457
23.620000000000	-0.71002839117965	0.13425496735938
23.626000000000	-0.70949010012537	0.13768201183916
23.632000000000	-0.70893533792717	0.14110608767223
23.638000000000	-0.70836412511430	0.14452711745210
23.644000000000	-0.70777648256046	0.14794502391875
23.650000000000	-0.70717243148284	0.15135972995998
23.656000000000	-0.70655199344116	0.15477115861271
23.662000000000	-0.70591519033668	0.15817923306427
23.668000000000	-0.70526204441122	0.16158387665374
23.674000000000	-0.70459257824620	0.16498501287319
23.680000000000	-0.70390681476166	0.16838256536904
23.686000000000	-0.70320477721526	0.17177645794327
23.692000000000	-0.70248648920132	0.17516661455477
23.698000000000	-0.70175197464980	0.17855295932058
23.704000000000	-0.70100125782534	0.18193541651718
23.710000000000	-0.70023436332625	0.18531391058175
23.716000000000	-0.69945131608350	0.18868836611341
23.722000000000	-0.69865214135976	0.19205870787454
23.728000000000	-0.69783686474836	0.19542486079199
23.734000000000	-0.69700551217232	0.19878674995832
23.740000000000	-0.69615810988330	0.20214430063308
23.746000000000	-0.69529468446063	0.20549743824404
23.752000000000	-0.69441526281029	0.20884608838841
23.758000000000	-0.69351987216387	0.21219017683409
23.764000000000	-0.69260854007758	0.21552962952090
23.770000000000	-0.69168129443121	0.21886437256177
23.776000000000	-0.69073816342713	0.22219433224401
23.782000000000	-0.68977917558924	0.22551943503049
23.788000000000	-0.68880435976194	0.22883960756085
23.794000000000	-0.68781374510914	0.23215477665272
23.800000000000	-0.68680736111316	0.23546486930291
23.806000000000	-0.68578523757375	0.23876981268860
23.812000000000	-0.68474740460702	0.24206953416856
23.818000000000	-0.68369389264440	0.24536396128431
23.824000000000	-0.68262473243162	0.24865302176131
23.830000000000	-0.68153995502761	0.25193664351014
23.836000000000	-0.68043959180350	0.25521475462768
23.842000000000	-0.67932367444155	0.25848728339827
23.848000000000	-0.67819223493407	0.26175415829489
23.854000000000	-0.67704530558240	0.26501530798029
23.860000000000	-0.67588291899582	0.26827066130819
23.866000000000	-0.67470510809049	0.27152014732440
23.872000000000	-0.67351190608838	0.27476369526798
23.878000000000	-0.67230334651622	0.27800123457238
23.884000000000	-0.67107946320440	0.28123269486658
23.890000000000	-0.66984029028589	0.28445800597622
23.896000000000	-0.66858586219519	0.28767709792474
23.902000000000	-0.66731621366723	0.29088990093452
23.908000000000	-0.66603137973629	0.29409634542795
23.914000000000	-0.66473139573489	0.29729636202861
23.920000000000	-0.66341629729273	0.30048988156232
23.926000000000	-0.66208612033558	0.30367683505831
23.932000000000	-0.66074090108419	0.30685715375028
23.938000000000	-0.65938067605319	0.31003076907752
23.944000000000	-0.65800548204996	0.31319761268600
23.950000000000	-0.65661535617359	0.31635761642947
23.956000000000	-0.65521033581368	0.31951071237050
23.962000000000	-0.65379045864933	0.32265683278164
23.968000000000	-0.65235576264792	0.32579591014645
23.974000000000	-0.65090628606410	0.32892787716054
23.980000000000	-0.64944206743858	0.33205266673273
23.986000000000	-0.64796314559706	0.33517021198603
23.992000000000	-0.64646955964907	0.33828044625874
23.998000000000	-0.64496134898689	0.34138330310549
24.004000000000	-0.64343855328435	0.34447871629832
24.010000000000	-0.64190121249575	0.34756661982766
24.016000000000	-0.64034936685472	0.35064694790346
24.022000000000	-0.63878305687302	0.35371963495616
24.028000000000	-0.63720232333947	0.35678461563774
24.034000000000	-0.63560720731877	0.35984182482278
24.040000000000	-0.63399775015033	0.36289119760944
24.046000000000	-0.63237399344717	0.36593266932048
24.052000000000	-0.63073597909471	0.36896617550432
24.058000000000	-0.62908374924964	0.37199165193601
24.064000000000	-0.62741734633875	0.37500903461824
24.070000000000	-0.62573681305778	0.37801825978237
24.076000000000	-0.62404219237021	0.38101926388937
24.082000000000	-0.62233352750616	0.38401198363088
24.088000000000	-0.62061086196114	0.38699635593014
24.094000000000	-0.61887423949492	0.38997231794302
24.100000000000	-0.61712370413034	0.39293980705894
24.106000000000	-0.61535930015214	0.39589876090191
24.112000000000	-0.61358107210572	0.39884911733144
24.118000000000	-0.61178906479604	0.40179081444355
24.124000000000	-0.60998332328633	0.40472379057170
24.130000000000	-0.60816389289699	0.40764798428776
24.136000000000	-0.60633081920431	0.41056333440294
24.142000000000	-0.60448414803933	0.41346977996875
24.148000000000	-0.60262392548660	0.41636726027796
24.154000000000	-0.60075019788299	0.41925571486549
24.160000000000	-0.59886301181647	0.42213508350939
24.166000000000	-0.59696241412491	0.42500530623170
24.172000000000	-0.59504845189485	0.42786632329946
24.178000000000	-0.59312117246029	0.43071807522554
24.184000000000	-0.59118062340147	0.43356050276962
24.190000000000	-0.58922685254364	0.43639354693906
24.196000000000	-0.58725990795583	0.43921714898978
24.202000000000	-0.58527983794963	0.44203125042722
24.208000000000	-0.58328669107795	0.44483579300719
24.214000000000	-0.58128051613378	0.44763071873676
24.220000000000	-0.57926136214895	0.45041596987513
24.226000000000	-0.57722927839290	0.45319148893455
24.232000000000	-0.57518431437143	0.45595721868116
24.238000000000	-0.57312651982543	0.45871310213585
24.244000000000	-0.57105594472967	0.46145908257514
24.250000000000	-0.56897263929150	0.46419510353205
24.256000000000	-0.56687665394963	0.46692110879689
24.262000000000	-0.56476803937285	0.46963704241820
24.268000000000	-0.56264684645879	0.47234284870352
24.274000000000	-0.56051312633260	0.47503847222023
24.280000000000	-0.55836693034575	0.47772385779644
24.286000000000	-0.55620831007473	0.48039895052175
24.292000000000	-0.55403731731974	0.48306369574811
24.298000000000	-0.55185400410347	0.48571803909060
24.304000000000	-0.54965842266980	0.48836192642831
24.310000000000	-0.54745062548249	0.49099530390505
24.316000000000	-0.54523066522395	0.49361811793024
24.322000000000	-0.54299859479387	0.49623031517965
24.328000000000	-0.54075446730803	0.49883184259619
24.334000000000	-0.53849833609692	0.50142264739075
24.340000000000	-0.53623025470448	0.50400267704290
24.346000000000	-0.53395027688679	0.50657187930171
24.352000000000	-0.53165845661080	0.50913020218654
24.358000000000	-0.52935484805297	0.51167759398773
24.364000000000	-0.52703950559801	0.51421400326743
24.370000000000	-0.52471248383753	0.51673937886032
24.376000000000	-0.52237383756876	0.51925366987435
24.382000000000	-0.52002362179323	0.52175682569151
24.388000000000	-0.51766189171542	0.52424879596852
24.394000000000	-0.51528870274147	0.52672953063760
24.400000000000	-0.51290411047784	0.52919897990720
24.406000000000	-0.51050817073002	0.53165709426267
24.412000000000	-0.50810093950112	0.53410382446702
24.418000000000	-0.50568247299063	0.53653912156160
24.424000000000	-0.50325282759303	0.53896293686684
24.430000000000	-0.50081205989647	0.54137522198289
24.436000000000	-0.49836022668141	0.54377592879036
24.442000000000	-0.49589738491932	0.54616500945098
24.448000000000	-0.49342359177129	0.54854241640829
24.454000000000	-0.49093890458674	0.55090810238830
24.460000000000	-0.48844338090198	0.55326202040018
24.466000000000	-0.48593707843897	0.55560412373691
24.472000000000	-0.48342005510385	0.55793436597593
24.478000000000	-0.48089236898570	0.56025270097979
24.484000000000	-0.47835407835507	0.56255908289683
24.490000000000	-0.47580524166271	0.56485346616175
24.496000000000	-0.47324591753813	0.56713580549632
24.502000000000	-0.47067616478831	0.56940605590997
24.508000000000	-0.46809604239625	0.57166417270038
24.514000000000	-0.46550560951968	0.57391011145416
24.520000000000	-0.46290492548961	0.57614382804742
24.526000000000	-0.46029404980902	0.57836527864637
24.532000000000	-0.45767304215144	0.58057441970795
24.538000000000	-0.45504196235959	0.58277120798039
24.544000000000	-0.45240087044398	0.58495560050379
24.550000000000	-0.44974982658156	0.58712755461073
24.556000000000	-0.44708889111430	0.58928702792684
24.562000000000	-0.44441812454780	0.59143397837133
24.568000000000	-0.44173758754993	0.59356836415760
24.574000000000	-0.43904734094941	0.59569014379376
24.580000000000	-0.43634744573444	0.59779927608319
24.586000000000	-0.43363796305127	0.59989572012508
24.592000000000	-0.43091895420282	0.60197943531500
24.598000000000	-0.42819048064731	0.60405038134536
24.604000000000	-0.42545260399679	0.60610851820599
24.610000000000	-0.42270538601579	0.60815380618466
24.616000000000	-0.41994888861989	0.61018620586756
24.622000000000	-0.41718317387433	0.61220567813980
24.628000000000	-0.41440830399257	0.61421218418598
24.634000000000	-0.41162434133491	0.61620568549057
24.640000000000	-0.40883134840705	0.61818614383852
24.646000000000	-0.40602938785872	0.62015352131562
24.652000000000	-0.40321852248218	0.62210778030909
24.658000000000	-0.40039881521090	0.62404888350795
24.664000000000	-0.39757032911805	0.62597679390353
24.670000000000	-0.39473312741516	0.62789147478992
24.676000000000	-0.39188727345062	0.62979288976443
24.682000000000	-0.38903283070832	0.63168100272798
24.688000000000	-0.38616986280618	0.63355577788560
24.694000000000	-0.38329843349472	0.63541717974683
24.700000000000	-0.38041860665569	0.63726517312613
24.706000000000	-0.37753044630055	0.63909972314332
24.712000000000	-0.37463401656911	0.64092079522397
24.718000000000	-0.37172938172806	0.64272835509982
24.724000000000	-0.36881660616956	0.64452236880917
24.730000000000	-0.36589575440976	0.64630280269726
24.736000000000	-0.36296689108741	0.64806962341666
24.742000000000	-0.36003008096239	0.64982279792767
24.748000000000	-0.35708538891429	0.65156229349863
24.754000000000	-0.35413287994096	0.65328807770637
24.760000000000	-0.35117261915705	0.65500011843648
24.766000000000	-0.34820467179261	0.65669838388372
24.772000000000	-0.34522910319158	0.65838284255234
24.778000000000	-0.34224597881043	0.66005346325642
24.784000000000	-0.33925536421662	0.66171021512020
24.790000000000	-0.33625732508722	0.66335306757841
24.796000000000	-0.33325192720745	0.66498199037658
24.802000000000	-0.33023923646919	0.66659695357136
24.808000000000	-0.32721931886958	0.66819792753079
24.814000000000	-0.32419224050955	0.66978488293466
24.820000000000	-0.32115806759234	0.67135779077475
24.826000000000	-0.31811686642209	0.67291662235511
24.832000000000	-0.31506870340237	0.67446134929238
24.838000000000	-0.31201364503472	0.67599194351603
24.844000000000	-0.30895175791720	0.67750837726862
24.850000000000	-0.30588310874292	0.67901062310606
24.856000000000	-0.30280776429862	0.68049865389789
24.862000000000	-0.29972579146316	0.68197244282747
24.868000000000	-0.29663725720611	0.68343196339226
24.874000000000	-0.29354222858629	0.68487718940404
24.880000000000	-0.29044077275025	0.68630809498910
24.886000000000	-0.28733295693090	0.68772465458851
24.892000000000	-0.28421884844599	0.68912684295829
24.898000000000	-0.28109851469667	0.69051463516963
24.904000000000	-0.27797202316602	0.69188800660908
24.910000000000	-0.27483944141762	0.69324693297872
24.916000000000	-0.27170083709404	0.69459139029638
24.922000000000	-0.26855627791543	0.69592135489580
24.928000000000	-0.26540583167803	0.69723680342677
24.934000000000	-0.26224956625271	0.69853771285535
24.940000000000	-0.25908754958352	0.69982406046394
24.946000000000	-0.25591984968622	0.70109582385153
24.952000000000	-0.25274653464684	0.70235298093376
24.958000000000	-0.24956767262018	0.70359550994308
24.964000000000	-0.24638333182838	0.70482338942889
24.970000000000	-0.24319358055946	0.70603659825764
24.976000000000	-0.23999848716584	0.70723511561296
24.982000000000	-0.23679812006290	0.70841892099577
24.988000000000	-0.23359254772749	0.70958799422435
24.994000000000	-0.23038183869653	0.71074231543445
25.000000000000	-0.22716606156546	0.71188186507940
25.006000000000	-0.22394528498687	0.71300662393016
25.012000000000	-0.22071957766899	0.71411657307538
25.018000000000	-0.21748900837425	0.71521169392152
25.024000000000	-0.21425364591781	0.71629196819284
25.030000000000	-0.21101355916611	0.71735737793151
25.036000000000	-0.20776881703542	0.71840790549762
25.042000000000	-0.20451948849037	0.71944353356922
25.048000000000	-0.20126564254249	0.72046424514238
25.054000000000	-0.19800734824880	0.72147002353119
25.060000000000	-0.19474467471029	0.72246085236776
25.066000000000	-0.19147769107051	0.72343671560228
25.072000000000	-0.18820646651409	0.72439759750299
25.078000000000	-0.18493107026534	0.72534348265617
25.084000000000	-0.18165157158671	0.72627435596616
25.090000000000	-0.17836803977745	0.72719020265531
25.096000000000	-0.17508054417205	0.72809100826400
25.102000000000	-0.17178915413888	0.72897675865055
25.108000000000	-0.16849393907870	0.72984743999125
25.114000000000	-0.16519496842320	0.73070303878027
25.120000000000	-0.16189231163360	0.73154354182961
25.126000000000	-0.15858603819917	0.73236893626906
25.132000000000	-0.15527621763580	0.73317920954616
25.138000000000	-0.15196291948457	0.73397434942607
25.144000000000	-0.14864621331028	0.73475434399152
25.150000000000	-0.14532616870003	0.73551918164275
25.156000000000	-0.14200285526178	0.73626885109739
25.162000000000	-0.13867634262292	0.73700334139036
25.168000000000	-0.13534670042882	0.73772264187378
25.174000000000	-0.13201399834142	0.73842674221687
25.180000000000	-0.12867830603776	0.73911563240579
25.186000000000	-0.12533969320859	0.73978930274356
25.192000000000	-0.12199822955691	0.74044774384991
25.198000000000	-0.11865398479657	0.74109094666114
25.204000000000	-0.11530702865081	0.74171890242996
25.210000000000	-0.11195743085087	0.74233160272539
25.216000000000	-0.10860526113455	0.74292903943255
25.222000000000	-0.10525058924479	0.74351120475251
25.228000000000	-0.10189348492824	0.74407809120215
25.234000000000	-0.098534017933886	0.74462969161392
25.240000000000	-0.095172258011578	0.74516599913572
25.246000000000	-0.091808274910656	0.74568700723067
25.252000000000	-0.088442138378517	0.74619270967693
25.258000000000	-0.085073918159220	0.74668310056749
25.264000000000	-0.081703683992072	0.74715817430995
25.270000000000	-0.078331505610222	0.74761792562633
25.276000000000	-0.074957452739258	0.74806234955283
25.282000000000	-0.071581595095807	0.74849144143958
25.288000000000	-0.068204002386136	0.74890519695044
25.294000000000	-0.064824744304753	0.74930361206275
25.300000000000	-0.061443890533015	0.74968668306706
25.306000000000	-0.058061510737732	0.75005440656689
25.312000000000	-0.054677674569780	0.75040677947847
25.318000000000	-0.051292451662714	0.75074379903047
25.324000000000	-0.047905911631377	0.75106546276372
25.330000000000	-0.044518124070527	0.75137176853094
25.336000000000	-0.041129158553439	0.75166271449643
25.342000000000	-0.037739084630548	0.75193829913580
25.348000000000	-0.034347971828060	0.75219852123568
25.354000000000	-0.030955889646580	0.75244337989338
25.360000000000	-0.027562907559746	0.75267287451658
25.366000000000	-0.024169095012858	0.75288700482307
25.372000000000	-0.020774521421514	0.75308577084035
25.378000000000	-0.017379256170245	0.75326917290534
25.384000000000	-0.013983368611157	0.75343721166402
25.390000000000	-0.010586928062577	0.75358988807115
25.396000000000	-0.0071900038076917	0.75372720338981
25.402000000000	-0.0037926650932016	0.75384915919116
25.408000000000	-0.00039498112797002	0.75395575735400
25.414000000000	0.0030029789183226	0.75404700006443
25.420000000000	0.0064011459165208	0.75412288981551
25.426000000000	0.0097994507793351	0.75418342940679
25.432000000000	0.013197824462676	0.75422862194404
25.438000000000	0.016596197966997	0.75425847083877
25.444000000000	0.019994502338611	0.75427297980788
25.450000000000	0.023392668671032	0.75427215287323
25.456000000000	0.026790628106290	0.75425599436124
25.462000000000	0.030188311836259	0.75422450890251
25.468000000000	0.033585651103972	0.75417770143134
25.474000000000	0.036982577204937	0.75411557718533
25.480000000000	0.040379021488450	0.75403814170498
25.486000000000	0.043774915358904	0.75394540083319
25.492000000000	0.047170190277092	0.75383736071488
25.498000000000	0.050564777761512	0.75371402779650
25.504000000000	0.053958609389665	0.75357540882557
25.510000000000	0.057351616799348	0.75342151085025
25.516000000000	0.060743731689950	0.75325234121888
25.522000000000	0.064134885823741	0.75306790757946
25.528000000000	0.067525011027152	0.75286821787922
25.534000000000	0.070914039192060	0.75265328036410
25.540000000000	0.074301902277069	0.75242310357831
25.546000000000	0.077688532308778	0.75217769636377
25.552000000000	0.081073861383057	0.75191706785970
25.558000000000	0.084457821666317	0.75164122750202
25.564000000000	0.087840345396764	0.75135018502292
25.570000000000	0.091221364885670	0.75104395045027
25.576000000000	0.094600812518625	0.75072253410717
25.582000000000	0.097978620756787	0.75038594661140
25.588000000000	0.10135472213814	0.75003419887487
25.594000000000	0.10472904927872	0.74966730210308
25.600000000000	0.10810153487389	0.74928526779463
25.606000000000	0.11147211169954	0.74888810774062
25.612000000000	0.11484071261335	0.74847583402413
25.618000000000	0.11820727055600	0.74804845901962
25.624000000000	0.12157171855243	0.74760599539244
25.630000000000	0.12493398971300	0.74714845609820
25.636000000000	0.12829401723477	0.74667585438222
25.642000000000	0.13165173440269	0.74618820377896
25.648000000000	0.13500707459081	0.74568551811143
25.654000000000	0.13835997126348	0.74516781149060
25.660000000000	0.14171035797658	0.74463509831481
25.666000000000	0.14505816837867	0.74408739326919
25.672000000000	0.14840333621224	0.74352471132503
25.678000000000	0.15174579531486	0.74294706773920
25.684000000000	0.15508547962040	0.74235447805351
25.690000000000	0.15842232316017	0.74174695809414
25.696000000000	0.16175626006413	0.74112452397097
25.702000000000	0.16508722456205	0.74048719207697
25.708000000000	0.16841515098471	0.73983497908759
25.714000000000	0.17173997376501	0.73916790196012
25.720000000000	0.17506162743918	0.73848597793302
25.726000000000	0.17838004664792	0.73778922452532
25.732000000000	0.18169516613753	0.73707765953593
25.738000000000	0.18500692076112	0.73635130104303
25.744000000000	0.18831524547968	0.73561016740337
25.750000000000	0.19162007536328	0.73485427725166
25.756000000000	0.19492134559217	0.73408364949985
25.762000000000	0.19821899145793	0.73329830333649
25.768000000000	0.20151294836458	0.73249825822605
25.774000000000	0.20480315182973	0.73168353390824
25.780000000000	0.20808953748567	0.73085415039734
25.786000000000	0.21137204108050	0.73001012798149
25.792000000000	0.21465059847924	0.72915148722201
25.798000000000	0.21792514566492	0.72827824895270
25.804000000000	0.22119561873971	0.72739043427916
25.810000000000	0.22446195392597	0.72648806457805
25.816000000000	0.22772408756741	0.72557116149643
25.822000000000	0.23098195613011	0.72463974695099
25.828000000000	0.23423549620363	0.72369384312739
25.834000000000	0.23748464450211	0.72273347247951
25.840000000000	0.24072933786529	0.72175865772871
25.846000000000	0.24396951325966	0.72076942186317
25.852000000000	0.24720510777944	0.71976578813706
25.858000000000	0.25043605864769	0.71874778006990
25.864000000000	0.25366230321736	0.71771542144576
25.870000000000	0.25688377897233	0.71666873631254
25.876000000000	0.26010042352846	0.71560774898122
25.882000000000	0.26331217463464	0.71453248402510
25.888000000000	0.26651897017381	0.71344296627909
25.894000000000	0.26972074816404	0.71233922083886
25.900000000000	0.27291744675948	0.71122127306020
25.906000000000	0.27610900425145	0.71008914855816
25.912000000000	0.27929535906943	0.70894287320631
25.918000000000	0.28247644978209	0.70778247313599
25.924000000000	0.28565221509828	0.70660797473551
25.930000000000	0.28882259386805	0.70541940464939
25.936000000000	0.29198752508364	0.70421678977757
25.942000000000	0.29514694788051	0.70300015727460
25.948000000000	0.29830080153825	0.70176953454890
25.954000000000	0.30144902548168	0.70052494926195
25.960000000000	0.30459155928173	0.69926642932746
25.966000000000	0.30772834265648	0.69799400291062
25.972000000000	0.31085931547209	0.69670769842727
25.978000000000	0.31398441774382	0.69540754454314
25.984000000000	0.31710358963693	0.69409357017295
25.990000000000	0.32021677146770	0.69276580447971
25.996000000000	0.32332390370434	0.69142427687382
26.002000000000	0.32642492696794	0.69006901701231
26.008000000000	0.32951978203346	0.68870005479798
26.014000000000	0.33260840983061	0.68731742037861
26.020000000000	0.33569075144481	0.68592114414611
26.026000000000	0.33876674811815	0.68451125673570
26.032000000000	0.34183634125026	0.68308778902509
26.038000000000	0.34489947239927	0.68165077213364
26.044000000000	0.34795608328271	0.68020023742150
26.050000000000	0.35100611577843	0.67873621648881
26.056000000000	0.35404951192549	0.67725874117482
26.062000000000	0.35708621392509	0.67576784355709
26.068000000000	0.36011616414143	0.67426355595059
26.074000000000	0.36313930510264	0.67274591090689
26.080000000000	0.36615557950164	0.67121494121328
26.086000000000	0.36916493019705	0.66967067989195
26.092000000000	0.37216730021402	0.66811316019910
26.098000000000	0.37516263274516	0.66654241562406
26.104000000000	0.37815087115136	0.66495847988851
26.110000000000	0.38113195896271	0.66336138694553
26.116000000000	0.38410583987930	0.66175117097876
26.122000000000	0.38707245777209	0.66012786640155
26.128000000000	0.39003175668381	0.65849150785607
26.134000000000	0.39298368082973	0.65684213021243
26.140000000000	0.39592817459855	0.65517976856782
26.146000000000	0.39886518255322	0.65350445824560
26.152000000000	0.40179464943177	0.65181623479448
26.158000000000	0.40471652014813	0.65011513398755
26.164000000000	0.40763073979298	0.64840119182148
26.170000000000	0.41053725363452	0.64667444451558
26.176000000000	0.41343600711934	0.64493492851091
26.182000000000	0.41632694587317	0.64318268046942
26.188000000000	0.41921001570173	0.64141773727303
26.194000000000	0.42208516259148	0.63964013602275
26.200000000000	0.42495233271047	0.63784991403775
26.206000000000	0.42781147240907	0.63604710885452
26.212000000000	0.43066252822082	0.63423175822591
26.218000000000	0.43350544686314	0.63240390012024
26.224000000000	0.43634017523816	0.63056357272042
26.230000000000	0.43916666043345	0.62871081442303
26.236000000000	0.44198484972281	0.62684566383738
26.242000000000	0.44479469056704	0.62496815978466
26.248000000000	0.44759613061467	0.62307834129696
26.254000000000	0.45038911770271	0.62117624761640
26.260000000000	0.45317359985743	0.61926191819423
26.266000000000	0.45594952529508	0.61733539268983
26.272000000000	0.45871684242262	0.61539671096989
26.278000000000	0.46147549983848	0.61344591310742
26.284000000000	0.46422544633326	0.61148303938086
26.290000000000	0.46696663089047	0.60950813027315
26.296000000000	0.46969900268725	0.60752122647079
26.302000000000	0.47242251109509	0.60552236886293
26.308000000000	0.47513710568053	0.60351159854044
26.314000000000	0.47784273620587	0.60148895679496
26.320000000000	0.48053935262985	0.59945448511799
26.326000000000	0.48322690510841	0.59740822519996
26.332000000000	0.48590534399532	0.59535021892926
26.338000000000	0.48857461984288	0.59328050839136
26.344000000000	0.49123468340263	0.59119913586783
26.350000000000	0.49388548562601	0.58910614383539
26.356000000000	0.49652697766504	0.58700157496504
26.362000000000	0.49915911087299	0.58488547212102
26.368000000000	0.50178183680504	0.58275787835996
26.374000000000	0.50439510721896	0.58061883692989
26.380000000000	0.50699887407573	0.57846839126928
26.386000000000	0.50959308954024	0.57630658500614
26.392000000000	0.51217770598192	0.57413346195703
26.398000000000	0.51475267597535	0.57194906612614
26.404000000000	0.51731795230097	0.56975344170433
26.410000000000	0.51987348794565	0.56754663306819
26.416000000000	0.52241923610335	0.56532868477906
26.422000000000	0.52495515017576	0.56309964158211
26.428000000000	0.52748118377288	0.56085954840536
26.434000000000	0.52999729071371	0.55860845035875
26.440000000000	0.53250342502677	0.55634639273317
26.446000000000	0.53499954095079	0.55407342099950
26.452000000000	0.53748559293529	0.55178958080766
26.458000000000	0.53996153564114	0.54949491798565
26.464000000000	0.54242732394125	0.54718947853859
26.470000000000	0.54488291292106	0.54487330864776
26.476000000000	0.54732825787920	0.54254645466964
26.482000000000	0.54976331432804	0.54020896313495
26.488000000000	0.55218803799430	0.53786088074767
26.494000000000	0.55460238481958	0.53550225438410
26.500000000000	0.55700631096099	0.53313313109189
26.506000000000	0.55939977279168	0.53075355808905
26.512000000000	0.56178272690139	0.52836358276303
26.518000000000	0.56415513009706	0.52596325266970
26.524000000000	0.56651693940336	0.52355261553244
26.530000000000	0.56886811206323	0.52113171924111
26.536000000000	0.57120860553843	0.51870061185113
26.542000000000	0.57353837751011	0.51625934158249
26.548000000000	0.57585738587932	0.51380795681878
26.554000000000	0.57816558876758	0.51134650610622
26.560000000000	0.58046294451737	0.50887503815269
26.566000000000	0.58274941169269	0.50639360182676
26.572000000000	0.58502494907955	0.50390224615671
26.578000000000	0.58728951568655	0.50140102032956
26.584000000000	0.58954307074533	0.49888997369009
26.590000000000	0.59178557371112	0.49636915573989
26.596000000000	0.59401698426324	0.49383861613635
26.602000000000	0.59623726230561	0.49129840469170
26.608000000000	0.59844636796724	0.48874857137205
26.614000000000	0.60064426160272	0.48618916629637
26.620000000000	0.60283090379275	0.48362023973558
26.626000000000	0.60500625534458	0.48104184211148
26.632000000000	0.60717027729253	0.47845402399588
26.638000000000	0.60932293089846	0.47585683610951
26.644000000000	0.61146417765227	0.47325032932114
26.650000000000	0.61359397927231	0.47063455464652
26.656000000000	0.61571229770592	0.46800956324747
26.662000000000	0.61781909512988	0.46537540643082
26.668000000000	0.61991433395085	0.46273213564753
26.674000000000	0.62199797680583	0.46007980249159
26.680000000000	0.62406998656265	0.45741845869916
26.686000000000	0.62613032632041	0.45474815614748
26.692000000000	0.62817895940988	0.45206894685396
26.698000000000	0.63021584939402	0.44938088297516
26.704000000000	0.63224096006836	0.44668401680583
26.710000000000	0.63425425546150	0.44397840077790
26.716000000000	0.63625569983545	0.44126408745953
26.722000000000	0.63824525768618	0.43854112955409
26.728000000000	0.64022289374393	0.43580957989919
26.734000000000	0.64218857297373	0.43306949146571
26.740000000000	0.64414226057574	0.43032091735678
26.746000000000	0.64608392198575	0.42756391080683
26.752000000000	0.64801352287549	0.42479852518058
26.758000000000	0.64993102915315	0.42202481397208
26.764000000000	0.65183640696370	0.41924283080367
26.770000000000	0.65372962268935	0.41645262942506
26.776000000000	0.65561064294989	0.41365426371229
26.782000000000	0.65747943460314	0.41084778766678
26.788000000000	0.65933596474534	0.40803325541431
26.794000000000	0.66118020071150	0.40521072120405
26.800000000000	0.66301211007581	0.40238023940757
26.806000000000	0.66483166065201	0.39954186451786
26.812000000000	0.66663882049380	0.39669565114830
26.818000000000	0.66843355789519	0.39384165403174
26.824000000000	0.67021584139087	0.39097992801943
26.830000000000	0.67198563975658	0.38811052808011
26.836000000000	0.67374292200949	0.38523350929896
26.842000000000	0.67548765740856	0.38234892687663
26.848000000000	0.67721981545488	0.37945683612826
26.854000000000	0.67893936589206	0.37655729248247
26.860000000000	0.68064627870653	0.37365035148039
26.866000000000	0.68234052412795	0.37073606877465
26.872000000000	0.68402207262952	0.36781450012839
26.878000000000	0.68569089492833	0.36488570141428
26.884000000000	0.68734696198570	0.36194972861353
26.890000000000	0.68899024500753	0.35900663781487
26.896000000000	0.69062071544462	0.35605648521359
26.902000000000	0.69223834499298	0.35309932711054
26.908000000000	0.69384310559421	0.35013521991111
26.914000000000	0.69543496943579	0.34716422012428
26.920000000000	0.69701390895140	0.34418638436158
26.926000000000	0.69857989682124	0.34120176933615
26.932000000000	0.70013290597237	0.33821043186168
26.938000000000	0.70167290957898	0.33521242885149
26.944000000000	0.70319988106274	0.33220781731748
26.950000000000	0.70471379409308	0.32919665436914
26.956000000000	0.70621462258750	0.32617899721258
26.962000000000	0.70770234071187	0.32315490314953
26.968000000000	0.70917692288074	0.32012442957632
26.974000000000	0.71063834375761	0.31708763398291
26.980000000000	0.71208657825523	0.31404457395190
26.986000000000	0.71352160153592	0.31099530715748
26.992000000000	0.71494338901178	0.30793989136452
26.998000000000	0.71635191634507	0.30487838442747
27.004000000000	0.71774715944840	0.30181084428947
27.010000000000	0.71912909448506	0.29873732898128
27.016000000000	0.72049769786928	0.29565789662028
27.022000000000	0.72185294626651	0.29257260540954
27.028000000000	0.72319481659365	0.28948151363673
27.034000000000	0.72452328601937	0.28638467967321
27.040000000000	0.72583833196431	0.28328216197295
27.046000000000	0.72713993210142	0.28017401907160
27.052000000000	0.72842806435612	0.27706030958545
27.058000000000	0.72970270690663	0.27394109221044
27.064000000000	0.73096383818420	0.27081642572115
27.070000000000	0.73221143687332	0.26768636896983
27.076000000000	0.73344548191203	0.26455098088536
27.082000000000	0.73466595249210	0.26141032047228
27.088000000000	0.73587282805932	0.25826444680978
27.094000000000	0.73706608831369	0.25511341905068
27.100000000000	0.73824571320970	0.25195729642045
27.106000000000	0.73941168295651	0.24879613821620
27.112000000000	0.74056397801824	0.24563000380567
27.118000000000	0.74170257911414	0.24245895262626
27.124000000000	0.74282746721882	0.23928304418396
27.130000000000	0.74393862356252	0.23610233805241
27.136000000000	0.74503602963125	0.23291689387187
27.142000000000	0.74611966716708	0.22972677134821
27.148000000000	0.74718951816830	0.22653203025192
27.154000000000	0.74824556488963	0.22333273041709
27.160000000000	0.74928778984246	0.22012893174041
27.166000000000	0.75031617579504	0.21692069418015
27.172000000000	0.75133070577264	0.21370807775519
27.178000000000	0.75233136305782	0.21049114254398
27.184000000000	0.75331813119056	0.20726994868352
27.190000000000	0.75429099396849	0.20404455636841
27.196000000000	0.75524993544707	0.20081502584977
27.202000000000	0.75619493993977	0.19758141743428
27.208000000000	0.75712599201827	0.19434379148314
27.214000000000	0.75804307651260	0.19110220841109
27.220000000000	0.75894617851140	0.18785672868539
27.226000000000	0.75983528336199	0.18460741282477
27.232000000000	0.76071037667063	0.18135432139848
27.238000000000	0.76157144430267	0.17809751502523
27.244000000000	0.76241847238267	0.17483705437220
27.250000000000	0.76325144729463	0.17157300015402
27.256000000000	0.76407035568212	0.16830541313176
27.262000000000	0.76487518444842	0.16503435411191
27.268000000000	0.76566592075674	0.16175988394537
27.274000000000	0.76644255203031	0.15848206352643
27.280000000000	0.76720506595256	0.15520095379174
27.286000000000	0.76795345046726	0.15191661571934
27.292000000000	0.76868769377868	0.14862911032757
27.298000000000	0.76940778435172	0.14533849867414
27.304000000000	0.77011371091206	0.14204484185502
27.310000000000	0.77080546244629	0.13874820100348
27.316000000000	0.77148302820204	0.13544863728907
27.322000000000	0.77214639768814	0.13214621191655
27.328000000000	0.77279556067470	0.12884098612494
27.334000000000	0.77343050719331	0.12553302118642
27.340000000000	0.77405122753708	0.12222237840537
27.346000000000	0.77465771226083	0.11890911911733
27.352000000000	0.77524995218116	0.11559330468794
27.358000000000	0.77582793837661	0.11227499651197
27.364000000000	0.77639166218775	0.10895425601227
27.370000000000	0.77694111521726	0.10563114463871
27.376000000000	0.77747628933010	0.10230572386722
27.382000000000	0.77799717665359	0.098978055198706
27.388000000000	0.77850376957748	0.095648200158052
27.394000000000	0.77899606075408	0.092316220293077
27.400000000000	0.77947404309837	0.088982177173508
27.406000000000	0.77993770978807	0.085646132389950
27.412000000000	0.78038705426373	0.082308147552853
27.418000000000	0.78082207022883	0.078968284291483
27.424000000000	0.78124275164985	0.075626604252881
27.430000000000	0.78164909275638	0.072283169100837
27.436000000000	0.78204108804117	0.068938040514849
27.442000000000	0.78241873226023	0.065591280189092
27.448000000000	0.78278202043288	0.062242949831375
27.454000000000	0.78313094784185	0.058893111162110
27.460000000000	0.78346551003331	0.055541825913269
27.466000000000	0.78378570281699	0.052189155827345
27.472000000000	0.78409152226619	0.048835162656316
27.478000000000	0.78438296471786	0.045479908160597
27.484000000000	0.78466002677266	0.042123454108004
27.490000000000	0.78492270529501	0.038765862272706
27.496000000000	0.78517099741315	0.035407194434187
27.502000000000	0.78540490051916	0.032047512376196
27.508000000000	0.78562441226905	0.028686877885700
27.514000000000	0.78582953058274	0.025325352751845
27.520000000000	0.78602025364418	0.021962998764902
27.526000000000	0.78619657990129	0.018599877715219
27.532000000000	0.78635850806610	0.015236051392173
27.538000000000	0.78650603711466	0.011871581583119
27.544000000000	0.78663916628719	0.0085065300723389
27.550000000000	0.78675789508801	0.0051409586399872
27.556000000000	0.78686222328560	0.0017749290610390
27.562000000000	0.78695215091261	-0.0015914968957646
27.568000000000	0.78702767826589	-0.0049582574689727
27.574000000000	0.78708880590647	-0.0083252909054787
27.580000000000	0.78713553465960	-0.011692535461586
27.586000000000	0.78716786561474	-0.015059929404054
27.592000000000	0.78718580012557	-0.018427411011167
27.598000000000	0.78718933980996	-0.021794918573793
27.604000000000	0.78717848655000	-0.025162390396442
27.610000000000	0.78715324249200	-0.028529764798334
27.616000000000	0.78711361004644	-0.031896980114459
27.622000000000	0.78705959188796	-0.035263974696642
27.628000000000	0.78699119095540	-0.038630686914613
27.634000000000	0.78690841045171	-0.041997055157068
27.640000000000	0.78681125384396	-0.045363017832742
27.646000000000	0.78669972486330	-0.048728513371476
27.652000000000	0.78657382750496	-0.052093480225285
27.658000000000	0.78643356602816	-0.055457856869437
27.664000000000	0.78627894495614	-0.058821581803515
27.670000000000	0.78610996907606	-0.062184593552500
27.676000000000	0.78592664343898	-0.065546830667839
27.682000000000	0.78572897335984	-0.068908231728525
27.688000000000	0.78551696441736	-0.072268735342167
27.694000000000	0.78529062245401	-0.075628280146083
27.700000000000	0.78504995357597	-0.078986804808360
27.706000000000	0.78479496415302	-0.082344248028946
27.712000000000	0.78452566081853	-0.085700548540730
27.718000000000	0.78424205046935	-0.089055645110620
27.724000000000	0.78394414026577	-0.092409476540632
27.730000000000	0.78363193763142	-0.095761981668970
27.736000000000	0.78330545025320	-0.099113099371114
27.742000000000	0.78296468608120	-0.10246276856091
27.748000000000	0.78260965332861	-0.10581092819165
27.754000000000	0.78224036047162	-0.10915751725716
27.760000000000	0.78185681624935	-0.11250247479291
27.766000000000	0.78145902966375	-0.11584573987709
27.772000000000	0.78104700997947	-0.11918725163168
27.778000000000	0.78062076672377	-0.12252694922360
27.784000000000	0.78018030968643	-0.12586477186576
27.790000000000	0.77972564891961	-0.12920065881814
27.796000000000	0.77925679473776	-0.13253454938897
27.802000000000	0.77877375771746	-0.13586638293571
27.808000000000	0.77827654869736	-0.13919609886626
27.814000000000	0.77776517877796	-0.14252363664000
27.820000000000	0.77723965932159	-0.14584893576888
27.826000000000	0.77670000195216	-0.14917193581857
27.832000000000	0.77614621855511	-0.15249257640954
27.838000000000	0.77557832127723	-0.15581079721815
27.844000000000	0.77499632252649	-0.15912653797776
27.850000000000	0.77440023497193	-0.16243973847989
27.856000000000	0.77379007154347	-0.16575033857522
27.862000000000	0.77316584543178	-0.16905827817483
27.868000000000	0.77252757008810	-0.17236349725119
27.874000000000	0.77187525922405	-0.17566593583935
27.880000000000	0.77120892681149	-0.17896553403801
27.886000000000	0.77052858708235	-0.18226223201068
27.892000000000	0.76983425452839	-0.18555596998672
27.898000000000	0.76912594390109	-0.18884668826254
27.904000000000	0.76840367021141	-0.19213432720263
27.910000000000	0.76766744872962	-0.19541882724076
27.916000000000	0.76691729498506	-0.19870012888105
27.922000000000	0.76615322476602	-0.20197817269909
27.928000000000	0.76537525411944	-0.20525289934307
27.934000000000	0.76458339935075	-0.20852424953491
27.940000000000	0.76377767702366	-0.21179216407137
27.946000000000	0.76295810395991	-0.21505658382516
27.952000000000	0.76212469723905	-0.21831744974611
27.958000000000	0.76127747419824	-0.22157470286224
27.964000000000	0.76041645243196	-0.22482828428092
27.970000000000	0.75954164979185	-0.22807813518998
27.976000000000	0.75865308438638	-0.23132419685886
27.982000000000	0.75775077458066	-0.23456641063971
27.988000000000	0.75683473899618	-0.23780471796854
27.994000000000	0.75590499651053	-0.24103906036634
28.000000000000	0.75496156625714	-0.24426937944022
