#Parameters = {Epsilon=3; a=8.636; b=4.318; d_new=2; d_odj=74.4; h=1; l=26; l_old=26; tg_delta=0.01}
#"Frequency / GHz"	"S2,1 [Re]"	"S2,1 [Im]"
#-----------------------------------------
22.000000000000	-0.56799151329382	-0.38462306878211
22.006000000000	-0.57027396811490	-0.38151480121942
22.012000000000	-0.57253864332245	-0.37839390632620
22.018000000000	-0.57478547248780	-0.37526049144379
22.024000000000	-0.57701438989003	-0.37211466422311
22.030000000000	-0.57922533051680	-0.36895653261956
22.036000000000	-0.58141823006501	-0.36578620488791
22.042000000000	-0.58359302494149	-0.36260378957720
22.048000000000	-0.58574965226361	-0.35940939552567
22.054000000000	-0.58788804985990	-0.35620313185565
22.060000000000	-0.59000815627058	-0.35298510796855
22.066000000000	-0.59210991074810	-0.34975543353976
22.072000000000	-0.59419325325760	-0.34651421851365
22.078000000000	-0.59625812447734	-0.34326157309853
22.084000000000	-0.59830446579916	-0.33999760776163
22.090000000000	-0.60033221932878	-0.33672243322412
22.096000000000	-0.60234132788617	-0.33343616045614
22.102000000000	-0.60433173500587	-0.33013890067177
22.108000000000	-0.60630338493720	-0.32683076532417
22.114000000000	-0.60825622264450	-0.32351186610053
22.120000000000	-0.61019019380736	-0.32018231491722
22.126000000000	-0.61210524482072	-0.31684222391487
22.132000000000	-0.61400132279503	-0.31349170545344
22.138000000000	-0.61587837555633	-0.31013087210734
22.144000000000	-0.61773635164628	-0.30675983666062
22.150000000000	-0.61957520032223	-0.30337871210205
22.156000000000	-0.62139487155716	-0.29998761162033
22.162000000000	-0.62319531603964	-0.29658664859922
22.168000000000	-0.62497648517379	-0.29317593661282
22.174000000000	-0.62673833107911	-0.28975558942071
22.180000000000	-0.62848080659041	-0.28632572096320
22.186000000000	-0.63020386525756	-0.28288644535660
22.192000000000	-0.63190746134534	-0.27943787688845
22.198000000000	-0.63359154983317	-0.27598013001283
22.204000000000	-0.63525608641487	-0.27251331934563
22.210000000000	-0.63690102749832	-0.26903755965989
22.216000000000	-0.63852633020520	-0.26555296588113
22.222000000000	-0.64013195237056	-0.26205965308267
22.228000000000	-0.64171785254247	-0.25855773648106
22.234000000000	-0.64328398998159	-0.25504733143138
22.240000000000	-0.64483032466075	-0.25152855342274
22.246000000000	-0.64635681726444	-0.24800151807363
22.252000000000	-0.64786342918832	-0.24446634112739
22.258000000000	-0.64935012253871	-0.24092313844768
22.264000000000	-0.65081686013198	-0.23737202601393
22.270000000000	-0.65226360549403	-0.23381311991685
22.276000000000	-0.65369032285961	-0.23024653635397
22.282000000000	-0.65509697717175	-0.22667239162514
22.288000000000	-0.65648353408102	-0.22309080212810
22.294000000000	-0.65784995994488	-0.21950188435405
22.300000000000	-0.65919622182697	-0.21590575488325
22.306000000000	-0.66052228749633	-0.21230253038060
22.312000000000	-0.66182812542664	-0.20869232759134
22.318000000000	-0.66311370479545	-0.20507526333662
22.324000000000	-0.66437899548332	-0.20145145450923
22.330000000000	-0.66562396807302	-0.19782101806927
22.336000000000	-0.66684859384860	-0.19418407103983
22.342000000000	-0.66805284479457	-0.19054073050278
22.348000000000	-0.66923669359491	-0.18689111359448
22.354000000000	-0.67040011363219	-0.18323533750155
22.360000000000	-0.67154307898657	-0.17957351945669
22.366000000000	-0.67266556443482	-0.17590577673445
22.372000000000	-0.67376754544932	-0.17223222664708
22.378000000000	-0.67484899819703	-0.16855298654039
22.384000000000	-0.67590989953841	-0.16486817378961
22.390000000000	-0.67695022702639	-0.16117790579526
22.396000000000	-0.67796995890522	-0.15748229997913
22.402000000000	-0.67896907410940	-0.15378147378012
22.408000000000	-0.67994755226252	-0.15007554465026
22.414000000000	-0.68090537367610	-0.14636463005066
22.420000000000	-0.68184251934839	-0.14264884744751
22.426000000000	-0.68275897096322	-0.13892831430809
22.432000000000	-0.68365471088873	-0.13520314809678
22.438000000000	-0.68452972217617	-0.13147346627117
22.444000000000	-0.68538398855861	-0.12773938627811
22.450000000000	-0.68621749444967	-0.12400102554976
22.456000000000	-0.68703022494225	-0.12025850149980
22.462000000000	-0.68782216580715	-0.11651193151949
22.468000000000	-0.68859330349183	-0.11276143297386
22.474000000000	-0.68934362511897	-0.10900712319790
22.480000000000	-0.69007311848514	-0.10524911949273
22.486000000000	-0.69078177205941	-0.10148753912186
22.492000000000	-0.69146957498196	-0.097722499307381
22.498000000000	-0.69213651706263	-0.093954117226277
22.504000000000	-0.69278258877948	-0.090182510006680
22.510000000000	-0.69340778127738	-0.086407794724184
22.516000000000	-0.69401208636647	-0.082630088398165
22.522000000000	-0.69459549652073	-0.078849507988123
22.528000000000	-0.69515800487646	-0.075066170390061
22.534000000000	-0.69569960523075	-0.071280192432856
22.540000000000	-0.69622029203993	-0.067491690874678
22.546000000000	-0.69672006041807	-0.063700782399411
22.552000000000	-0.69719890613538	-0.059907583613102
22.558000000000	-0.69765682561662	-0.056112211040434
22.564000000000	-0.69809381593954	-0.052314781121210
22.570000000000	-0.69850987483323	-0.048515410206866
22.576000000000	-0.69890500067656	-0.044714214557003
22.582000000000	-0.69927919249647	-0.040911310335935
22.588000000000	-0.69963244996635	-0.037106813609260
22.594000000000	-0.69996477340441	-0.033300840340455
22.600000000000	-0.70027616377196	-0.029493506387484
22.606000000000	-0.70056662267171	-0.025684927499435
22.612000000000	-0.70083615234612	-0.021875219313170
22.618000000000	-0.70108475567566	-0.018064497349991
22.624000000000	-0.70131243617704	-0.014252877012349
22.630000000000	-0.70151919800154	-0.010440473580542
22.636000000000	-0.70170489841365	-0.0066419473674488
22.642000000000	-0.70186984814267	-0.0028428751878105
22.648000000000	-0.70201405326086	0.00095662935893078
22.654000000000	-0.70213752045851	0.0047564528078774
22.660000000000	-0.70224025704210	0.0085564818318037
22.666000000000	-0.70232227093253	0.012356603244254
22.672000000000	-0.70238357066331	0.016156704002629
22.678000000000	-0.70242416537877	0.019956671211249
22.684000000000	-0.70244406483219	0.023756392124399
22.690000000000	-0.70244327938400	0.027555754149352
22.696000000000	-0.70242181999991	0.031354644849376
22.702000000000	-0.70237969824908	0.035152951946722
22.708000000000	-0.70231692630223	0.038950563325586
22.714000000000	-0.70223351692981	0.042747367035070
22.720000000000	-0.70212948350005	0.046543251292093
22.726000000000	-0.70200483997713	0.050338104484318
22.732000000000	-0.70185960091924	0.054131815173030
22.738000000000	-0.70169378147670	0.057924272096020
22.744000000000	-0.70150739739002	0.061715364170430
22.750000000000	-0.70130046498799	0.065504980495595
22.756000000000	-0.70107300118574	0.069293010355853
22.762000000000	-0.70082502348279	0.073079343223348
22.768000000000	-0.70055654996112	0.076863868760806
22.774000000000	-0.70026759928320	0.080646476824298
22.780000000000	-0.69995819069002	0.084427057465982
22.786000000000	-0.69962834399914	0.088205500936827
22.792000000000	-0.69927807960267	0.091981697689319
22.798000000000	-0.69890741846533	0.095755538380153
22.804000000000	-0.69851638212243	0.099526913872893
22.810000000000	-0.69810499267788	0.10329571524064
22.816000000000	-0.69767327280217	0.10706183376865
22.822000000000	-0.69722124573036	0.11082516095696
22.828000000000	-0.69674893526009	0.11458558852299
22.834000000000	-0.69625636574950	0.11834300840410
22.840000000000	-0.69574356211524	0.12209731276020
22.846000000000	-0.69521054983042	0.12584839397624
22.852000000000	-0.69465735492255	0.12959614466478
22.858000000000	-0.69408400397152	0.13334045766850
22.864000000000	-0.69349052410750	0.13708122606267
22.870000000000	-0.69287694300895	0.14081834315762
22.876000000000	-0.69224328890045	0.14455170250126
22.882000000000	-0.69158959055074	0.14828119788145
22.888000000000	-0.69091587727055	0.15200672332847
22.894000000000	-0.69022217891057	0.15572817311742
22.900000000000	-0.68950852585935	0.15944544177061
22.906000000000	-0.68877494904121	0.16315842405992
22.912000000000	-0.68802147991411	0.16686701500919
22.918000000000	-0.68724815046761	0.17057110989656
22.924000000000	-0.68645499322071	0.17427060425675
22.930000000000	-0.68564204121975	0.17796539388343
22.936000000000	-0.68480932803632	0.18165537483148
22.942000000000	-0.68395688776510	0.18534044341928
22.948000000000	-0.68308475502178	0.18902049623095
22.954000000000	-0.68219296494090	0.19269543011864
22.960000000000	-0.68128155317372	0.19636514220472
22.966000000000	-0.68035055588608	0.20002952988399
22.972000000000	-0.67940000975630	0.20368849082591
22.978000000000	-0.67842995197299	0.20734192297678
22.984000000000	-0.67744042023290	0.21098972456187
22.990000000000	-0.67643145273882	0.21463179408759
22.996000000000	-0.67540308819738	0.21826803034367
23.002000000000	-0.67435536581688	0.22189833240519
23.008000000000	-0.67328832530518	0.22552259963478
23.014000000000	-0.67220200686750	0.22914073168465
23.020000000000	-0.67109645120426	0.23275262849866
23.026000000000	-0.66997169950891	0.23635819031445
23.032000000000	-0.66882779346573	0.23995731766540
23.038000000000	-0.66766477524772	0.24354991138271
23.044000000000	-0.66648268751433	0.24713587259740
23.050000000000	-0.66528157340936	0.25071510274233
23.056000000000	-0.66406147655872	0.25428750355414
23.062000000000	-0.66282244106825	0.25785297707529
23.068000000000	-0.66156451152155	0.26141142565595
23.074000000000	-0.66028773297777	0.26496275195598
23.080000000000	-0.65899215096942	0.26850685894686
23.086000000000	-0.65767781150015	0.27204364991359
23.092000000000	-0.65634476104260	0.27557302845661
23.098000000000	-0.65499304653612	0.27909489849365
23.104000000000	-0.65362271538465	0.28260916426164
23.110000000000	-0.65223381545443	0.28611573031855
23.116000000000	-0.65082639507186	0.28961450154524
23.122000000000	-0.64940050302122	0.29310538314729
23.128000000000	-0.64795618854252	0.29658828065680
23.134000000000	-0.64649350132924	0.30006309993424
23.140000000000	-0.64501249152613	0.30352974717020
23.146000000000	-0.64351320972698	0.30698812888715
23.152000000000	-0.64199570697239	0.31043815194126
23.158000000000	-0.64046003474758	0.31387972352412
23.164000000000	-0.63890624498012	0.31731275116446
23.170000000000	-0.63733439003772	0.32073714272990
23.176000000000	-0.63574452272603	0.32415280642863
23.182000000000	-0.63413669628633	0.32755965081117
23.188000000000	-0.63251096439340	0.33095758477198
23.194000000000	-0.63086738115320	0.33434651755117
23.200000000000	-0.62920600110066	0.33772635873615
23.206000000000	-0.62752687919748	0.34109701826328
23.212000000000	-0.62583007082981	0.34445840641951
23.218000000000	-0.62411563180609	0.34781043384398
23.224000000000	-0.62238361835477	0.35115301152966
23.230000000000	-0.62063408712206	0.35448605082488
23.236000000000	-0.61886709516970	0.35780946343502
23.242000000000	-0.61708269997270	0.36112316142398
23.248000000000	-0.61528095941710	0.36442705721578
23.254000000000	-0.61346193179774	0.36772106359612
23.260000000000	-0.61162567581595	0.37100509371388
23.266000000000	-0.60977225057738	0.37427906108268
23.272000000000	-0.60790171558967	0.37754287958236
23.278000000000	-0.60601413076025	0.38079646346048
23.284000000000	-0.60410955639405	0.38403972733383
23.290000000000	-0.60218805319128	0.38727258618986
23.296000000000	-0.60024968224512	0.39049495538821
23.302000000000	-0.59829450503952	0.39370675066209
23.308000000000	-0.59632258344690	0.39690788811975
23.314000000000	-0.59433397972588	0.40009828424592
23.320000000000	-0.59232875651908	0.40327785590319
23.326000000000	-0.59030697685078	0.40644652033347
23.332000000000	-0.58826870412470	0.40960419515931
23.338000000000	-0.58621400212175	0.41275079838533
23.344000000000	-0.58414293499770	0.41588624839959
23.350000000000	-0.58205556728098	0.41901046397492
23.356000000000	-0.57995196387039	0.42212336427030
23.362000000000	-0.57783219003282	0.42522486883214
23.368000000000	-0.57569631140097	0.42831489759568
23.374000000000	-0.57354439397112	0.43139337088626
23.380000000000	-0.57137650410084	0.43446020942062
23.386000000000	-0.56919270850669	0.43751533430818
23.392000000000	-0.56699307426198	0.44055866705237
23.398000000000	-0.56477766879450	0.44359012955186
23.404000000000	-0.56254655988423	0.44660964410180
23.410000000000	-0.56029981566104	0.44961713339511
23.416000000000	-0.55803750460248	0.45261252052372
23.422000000000	-0.55575969553142	0.45559572897974
23.428000000000	-0.55346645761387	0.45856668265671
23.434000000000	-0.55115786035659	0.46152530585084
23.440000000000	-0.54883397360492	0.46447152326212
23.446000000000	-0.54649486754040	0.46740525999558
23.452000000000	-0.54414061267858	0.47032644156241
23.458000000000	-0.54177127986667	0.47323499388116
23.464000000000	-0.53938694028129	0.47613084327886
23.470000000000	-0.53698766542618	0.47901391649218
23.476000000000	-0.53457352712993	0.48188414066856
23.482000000000	-0.53214459754367	0.48474144336731
23.488000000000	-0.52970094913881	0.48758575256073
23.494000000000	-0.52724265470472	0.49041699663523
23.500000000000	-0.52476978734649	0.49323510439239
23.506000000000	-0.52228242048262	0.49604000505003
23.512000000000	-0.51978062784273	0.49883162824332
23.518000000000	-0.51726448346525	0.50160990402581
23.524000000000	-0.51473406169520	0.50437476287046
23.530000000000	-0.51218943718183	0.50712613567072
23.536000000000	-0.50963068487635	0.50986395374153
23.542000000000	-0.50705788002966	0.51258814882033
23.548000000000	-0.50447109819005	0.51529865306809
23.554000000000	-0.50187041520089	0.51799539907028
23.560000000000	-0.49925590719835	0.52067831983790
23.566000000000	-0.49662765060912	0.52334734880840
23.572000000000	-0.49398572214811	0.52600241984669
23.578000000000	-0.49133019881611	0.52864346724608
23.584000000000	-0.48866115789759	0.53127042572921
23.590000000000	-0.48597867695832	0.53388323044903
23.596000000000	-0.48328283384310	0.53648181698970
23.602000000000	-0.48057370667348	0.53906612136748
23.608000000000	-0.47785137384545	0.54163608003171
23.614000000000	-0.47511591402714	0.54419162986562
23.620000000000	-0.47236740615654	0.54673270818729
23.626000000000	-0.46960592943916	0.54925925275048
23.632000000000	-0.46683156334578	0.55177120174552
23.638000000000	-0.46404438761012	0.55426849380017
23.644000000000	-0.46124448222656	0.55675106798046
23.650000000000	-0.45843192744780	0.55921886379152
23.656000000000	-0.45560680378263	0.56167182117843
23.662000000000	-0.45276919199353	0.56410988052702
23.668000000000	-0.44991917309448	0.56653298266468
23.674000000000	-0.44705682834856	0.56894106886118
23.680000000000	-0.44418223926570	0.57133408082944
23.686000000000	-0.44129548760038	0.57371196072632
23.692000000000	-0.43839665534927	0.57607465115337
23.698000000000	-0.43548582474900	0.57842209515762
23.704000000000	-0.43256307827382	0.58075423623232
23.710000000000	-0.42962849863327	0.58307101831767
23.716000000000	-0.42668216876991	0.58537238580157
23.722000000000	-0.42372417185701	0.58765828352033
23.728000000000	-0.42075459129624	0.58992865675938
23.734000000000	-0.41777351071533	0.59218345125399
23.740000000000	-0.41478101396583	0.59442261318994
23.746000000000	-0.41177718512072	0.59664608920423
23.752000000000	-0.40877474931999	0.59884518673413
23.758000000000	-0.40576124269733	0.60102862045977
23.764000000000	-0.40273674897711	0.60319633907531
23.770000000000	-0.39970135209159	0.60534829172164
23.776000000000	-0.39665513617867	0.60748442798696
23.782000000000	-0.39359818557964	0.60960469790742
23.788000000000	-0.39053058483691	0.61170905196769
23.794000000000	-0.38745241869173	0.61379744110156
23.800000000000	-0.38436377208196	0.61586981669252
23.806000000000	-0.38126473013979	0.61792613057430
23.812000000000	-0.37815537818946	0.61996633503148
23.818000000000	-0.37503580174503	0.62199038279997
23.824000000000	-0.37190608650808	0.62399822706762
23.830000000000	-0.36876631836547	0.62598982147469
23.836000000000	-0.36561658338706	0.62796512011444
23.842000000000	-0.36245696782345	0.62992407753355
23.848000000000	-0.35928755810374	0.63186664873271
23.854000000000	-0.35610844083322	0.63379278916706
23.860000000000	-0.35291970279113	0.63570245474670
23.866000000000	-0.34972143092838	0.63759560183716
23.872000000000	-0.34651371236531	0.63947218725985
23.878000000000	-0.34329663438942	0.64133216829253
23.884000000000	-0.34007028445305	0.64317550266978
23.890000000000	-0.33683475017120	0.64500214858336
23.896000000000	-0.33359011931920	0.64681206468276
23.902000000000	-0.33033647983045	0.64860521007549
23.908000000000	-0.32707391979420	0.65038154432759
23.914000000000	-0.32380252745323	0.65214102746398
23.920000000000	-0.32052239120160	0.65388361996885
23.926000000000	-0.31723359958240	0.65560928278609
23.932000000000	-0.31393624128547	0.65731797731958
23.938000000000	-0.31063040514513	0.65900966543364
23.944000000000	-0.30731618013792	0.66068430945334
23.950000000000	-0.30399365538033	0.66234187216482
23.956000000000	-0.30066292012654	0.66398231681570
23.962000000000	-0.29732406376616	0.66560560711534
23.968000000000	-0.29397717582192	0.66721170723516
23.974000000000	-0.29062234594747	0.66880058180900
23.980000000000	-0.28725966392508	0.67037219593336
23.986000000000	-0.28388921966336	0.67192651516774
23.992000000000	-0.28051110319501	0.67346350553485
23.998000000000	-0.27712540467457	0.67498313352097
24.004000000000	-0.27373221437613	0.67648536607612
24.010000000000	-0.27033162269107	0.67797017061439
24.016000000000	-0.26692372012583	0.67943751501412
24.022000000000	-0.26350859729957	0.68088736761816
24.028000000000	-0.26008634494199	0.68231969723412
24.034000000000	-0.25665705389101	0.68373447313451
24.040000000000	-0.25322081509052	0.68513166505702
24.046000000000	-0.24977771958814	0.68651124320469
24.052000000000	-0.24632785853293	0.68787317824605
24.058000000000	-0.24287132317314	0.68921744131537
24.064000000000	-0.23940820485393	0.69054400401278
24.070000000000	-0.23593859501514	0.69185283840443
24.076000000000	-0.23246258518900	0.69314391702265
24.082000000000	-0.22898026699791	0.69441721286609
24.088000000000	-0.22549173215212	0.69567269939984
24.094000000000	-0.22199707244752	0.69691035055552
24.100000000000	-0.21849637976335	0.69813014073147
24.106000000000	-0.21498974605999	0.69933204479275
24.112000000000	-0.21147726337662	0.70051603807131
24.118000000000	-0.20795902382907	0.70168209636603
24.124000000000	-0.20443511960745	0.70283019594280
24.130000000000	-0.20090564297400	0.70396031353459
24.136000000000	-0.19737068626074	0.70507242634147
24.142000000000	-0.19383034186731	0.70616651203072
24.148000000000	-0.19028470225863	0.70724254873677
24.154000000000	-0.18673385996271	0.70830051506132
24.160000000000	-0.18317790756837	0.70934039007326
24.166000000000	-0.17961693772301	0.71036215330877
24.172000000000	-0.17605104313031	0.71136578477122
24.178000000000	-0.17248031654806	0.71235126493122
24.184000000000	-0.16890485078586	0.71331857472659
24.190000000000	-0.16532473870285	0.71426769556228
24.196000000000	-0.16174007320556	0.71519860931038
24.202000000000	-0.15815094724555	0.71611129831003
24.208000000000	-0.15455745381724	0.71700574536737
24.214000000000	-0.15095968595568	0.71788193375547
24.220000000000	-0.14735773673422	0.71873984721425
24.226000000000	-0.14375169926239	0.71957946995036
24.232000000000	-0.14014166668356	0.72040078663711
24.238000000000	-0.13652773217276	0.72120378241435
24.244000000000	-0.13290998893443	0.72198844288835
24.250000000000	-0.12928853020018	0.72275475413163
24.256000000000	-0.12566344922657	0.72350270268290
24.262000000000	-0.12203483929286	0.72423227554683
24.268000000000	-0.11840279369879	0.72494346019392
24.274000000000	-0.11476740576236	0.72563624456034
24.280000000000	-0.11112876881760	0.72631061704774
24.286000000000	-0.10748697621233	0.72696656652306
24.292000000000	-0.10384212130595	0.72760408231834
24.298000000000	-0.10019429746722	0.72822315423047
24.304000000000	-0.096543598072034	0.72882377252104
24.310000000000	-0.092890116501193	0.72940592791604
24.316000000000	-0.089233946138207	0.72996961160569
24.322000000000	-0.085575180367070	0.73051481524413
24.328000000000	-0.081913912570050	0.73104153094920
24.334000000000	-0.078250236125474	0.73154975130215
24.340000000000	-0.074584244405523	0.73203946934738
24.346000000000	-0.070916030774025	0.73251067859214
24.352000000000	-0.067245688584248	0.73296337300625
24.358000000000	-0.063573311176697	0.73339754702176
24.364000000000	-0.059898991876917	0.73381319553266
24.370000000000	-0.056222823993290	0.73421031389456
24.376000000000	-0.052544900814844	0.73458889792432
24.382000000000	-0.048865315609050	0.73494894389972
24.388000000000	-0.045184161619645	0.73529044855914
24.394000000000	-0.041501532064422	0.73561340910112
24.400000000000	-0.037817520133064	0.73591782318404
24.406000000000	-0.034132218984949	0.73620368892573
24.412000000000	-0.030445721746966	0.73647100490304
24.418000000000	-0.026758121511342	0.73671977015149
24.424000000000	-0.023069511333461	0.73694998416478
24.430000000000	-0.019379984229689	0.73716164689445
24.436000000000	-0.015689633175206	0.73735475874937
24.442000000000	-0.011998551101835	0.73752932059535
24.448000000000	-0.0083068308958732	0.73768533375465
24.454000000000	-0.0046145653959345	0.73782280000553
24.460000000000	-0.00092184739078550	0.73794172158179
24.466000000000	0.0027712303828142	0.73804210117225
24.472000000000	0.0064645752422628	0.73812394192030
24.478000000000	0.010158094561267	0.73818724742336
24.484000000000	0.013851695771997	0.73823202173237
24.490000000000	0.017545286367227	0.73825826935131
24.496000000000	0.021238773902474	0.73826599523662
24.502000000000	0.024932065998150	0.73825520479665
24.508000000000	0.028625070341684	0.73822590389117
24.514000000000	0.032317694689661	0.73817809883075
24.520000000000	0.036009846869950	0.73811179637619
24.526000000000	0.039701434783832	0.73802700373799
24.532000000000	0.043392366408121	0.73792372857569
24.538000000000	0.047082549797282	0.73780197899733
24.544000000000	0.050771893085550	0.73766176355879
24.550000000000	0.054460304489036	0.73750309126321
24.556000000000	0.058147692307843	0.73732597156033
24.562000000000	0.061833964928163	0.73713041434586
24.568000000000	0.065519030824384	0.73691642996084
24.574000000000	0.069202798561181	0.73668402919097
24.580000000000	0.072885176795621	0.73643322326593
24.586000000000	0.076566074279236	0.73616402385875
24.592000000000	0.080245399860120	0.73587644308504
24.598000000000	0.083923062485007	0.73557049350237
24.604000000000	0.087598971201350	0.73524618810953
24.610000000000	0.091273035159391	0.73490354034581
24.616000000000	0.094945163614234	0.73454256409027
24.622000000000	0.098615265927908	0.73416327366102
24.628000000000	0.10228325157143	0.73376568381446
24.634000000000	0.10594903012685	0.73334980974455
24.640000000000	0.10961251128934	0.73291566708199
24.646000000000	0.11327360486918	0.73246327189352
24.652000000000	0.11693222079386	0.73199264068106
24.658000000000	0.12058826911008	0.73150379038099
24.664000000000	0.12424165998582	0.73099673836329
24.670000000000	0.12789230371233	0.73047150243075
24.676000000000	0.13154011070618	0.72992810081814
24.682000000000	0.13518499151128	0.72936655219141
24.688000000000	0.13882685680089	0.72878687564680
24.694000000000	0.14246561737962	0.72818909071004
24.700000000000	0.14610118418546	0.72757321733543
24.706000000000	0.14973346829177	0.72693927590506
24.712000000000	0.15336238090925	0.72628728722782
24.718000000000	0.15698783338800	0.72561727253862
24.724000000000	0.16060973721942	0.72492925349742
24.730000000000	0.16422800403825	0.72422325218836
24.736000000000	0.16784254562453	0.72349929111883
24.742000000000	0.17145327390558	0.72275739321856
24.748000000000	0.17506010095792	0.72199758183867
24.754000000000	0.17866293900931	0.72121988075073
24.760000000000	0.18226170044062	0.72042431414582
24.766000000000	0.18585629778784	0.71961090663357
24.772000000000	0.18944664374400	0.71877968324117
24.778000000000	0.19303265116111	0.71793066941240
24.784000000000	0.19661423305208	0.71706389100667
24.790000000000	0.20019130259269	0.71617937429797
24.796000000000	0.20376377312346	0.71527714597391
24.802000000000	0.20733155815159	0.71435723313468
24.808000000000	0.21089457135287	0.71341966329204
24.814000000000	0.21445272657357	0.71246446436828
24.820000000000	0.21800593783239	0.71149166469517
24.826000000000	0.22155411932227	0.71050129301294
24.832000000000	0.22509718541232	0.70949337846918
24.838000000000	0.22863505064974	0.70846795061780
24.844000000000	0.23216762976161	0.70742503941794
24.850000000000	0.23569483765682	0.70636467523291
24.856000000000	0.23921658942791	0.70528688882904
24.862000000000	0.24273280035293	0.70419171137464
24.868000000000	0.24624338589730	0.70307917443887
24.874000000000	0.24974826171563	0.70194930999057
24.880000000000	0.25324734365356	0.70080215039720
24.886000000000	0.25674054774962	0.69963772842369
24.892000000000	0.26022779023702	0.69845607723125
24.898000000000	0.26370898754550	0.69725723037626
24.904000000000	0.26718405630308	0.69604122180909
24.910000000000	0.27065291333796	0.69480808587293
24.916000000000	0.27411547568022	0.69355785730263
24.922000000000	0.27757166056368	0.69229057122348
24.928000000000	0.28102138542765	0.69100626315002
24.934000000000	0.28446456791871	0.68970496898486
24.940000000000	0.28790112589251	0.68838672501747
24.946000000000	0.29133097741548	0.68705156792290
24.952000000000	0.29475404076664	0.68569953476064
24.958000000000	0.29817023443933	0.68433066297331
24.964000000000	0.30157947714292	0.68294499038545
24.970000000000	0.30498168780462	0.68154255520226
24.976000000000	0.30837678557113	0.68012339600834
24.982000000000	0.31176468981041	0.67868755176644
24.988000000000	0.31514532011337	0.67723506181613
24.994000000000	0.31851859629561	0.67576596587257
25.000000000000	0.32188443839908	0.67428030402521
25.006000000000	0.32523078565172	0.67278390094662
25.012000000000	0.32856959350447	0.67127113238781
25.018000000000	0.33190078356383	0.66974203914534
25.024000000000	0.33522427766642	0.66819666237921
25.030000000000	0.33853999788065	0.66663504361152
25.036000000000	0.34184786650835	0.66505722472523
25.042000000000	0.34514780608635	0.66346324796273
25.048000000000	0.34843973938811	0.66185315592459
25.054000000000	0.35172358942531	0.66022699156819
25.060000000000	0.35499927944946	0.65858479820636
25.066000000000	0.35826673295347	0.65692661950608
25.072000000000	0.36152587367324	0.65525249948704
25.078000000000	0.36477662558919	0.65356248252035
25.084000000000	0.36801891292790	0.65185661332710
25.090000000000	0.37125266016358	0.65013493697704
25.096000000000	0.37447779201967	0.64839749888715
25.102000000000	0.37769423347038	0.64664434482025
25.108000000000	0.38090190974217	0.64487552088361
25.114000000000	0.38410074631533	0.64309107352753
25.120000000000	0.38729066892548	0.64129104954395
25.126000000000	0.39047160356505	0.63947549606499
25.132000000000	0.39364347648480	0.63764446056153
25.138000000000	0.39680621419533	0.63579799084182
25.144000000000	0.39995974346853	0.63393613504996
25.150000000000	0.40310399133906	0.63205894166452
25.156000000000	0.40623888510583	0.63016645949705
25.162000000000	0.40936435233347	0.62825873769064
25.168000000000	0.41248032085373	0.62633582571842
25.174000000000	0.41558671876699	0.62439777338212
25.180000000000	0.41868347444364	0.62244463081058
25.186000000000	0.42177051652553	0.62047644845823
25.192000000000	0.42484777392737	0.61849327710367
25.198000000000	0.42791517583817	0.61649516784809
25.204000000000	0.43097265172260	0.61448217211385
25.210000000000	0.43402013132242	0.61245434164287
25.216000000000	0.43705754465785	0.61041172849521
25.222000000000	0.44008482202892	0.60835438504748
25.228000000000	0.44310189401687	0.60628236399135
25.234000000000	0.44610869148550	0.60419571833201
25.240000000000	0.44910514558251	0.60209450138660
25.246000000000	0.45209118774083	0.59997876678271
25.252000000000	0.45506674968000	0.59784856845680
25.258000000000	0.45803176340743	0.59570396065265
25.264000000000	0.46098616121977	0.59354499791979
25.270000000000	0.46392987570417	0.59137173511197
25.276000000000	0.46686283973962	0.58918422738553
25.282000000000	0.46978498649819	0.58698253019786
25.288000000000	0.47269624944637	0.58476669930582
25.294000000000	0.47559656234627	0.58253679076413
25.300000000000	0.47848585925696	0.58029286092377
25.306000000000	0.48136407453565	0.57803496643042
25.312000000000	0.48423114283899	0.57576316422282
25.318000000000	0.48708699912427	0.57347751153118
25.324000000000	0.48993157865066	0.57117806587555
25.330000000000	0.49276481698042	0.56886488506423
25.336000000000	0.49558664998014	0.56653802719209
25.342000000000	0.49839701382189	0.56419755063903
25.348000000000	0.50119584498443	0.56184351406825
25.354000000000	0.50398308025443	0.55947597642469
25.360000000000	0.50675865672758	0.55709499693333
25.366000000000	0.50952251180979	0.55470063509757
25.372000000000	0.51227458321833	0.55229295069761
25.378000000000	0.51501480898299	0.54987200378872
25.384000000000	0.51774312744721	0.54743785469965
25.390000000000	0.52045947726920	0.54499056403091
25.396000000000	0.52316379742306	0.54253019265315
25.402000000000	0.52585602719989	0.54005680170544
25.408000000000	0.52853610620891	0.53757045259365
25.414000000000	0.53120397437848	0.53507120698870
25.420000000000	0.53385957195730	0.53255912682494
25.426000000000	0.53650283951536	0.53003427429840
25.432000000000	0.53913371794506	0.52749671186516
25.438000000000	0.54175214846230	0.52494650223958
25.444000000000	0.54435807260744	0.52238370839267
25.450000000000	0.54695143224639	0.51980839355035
25.456000000000	0.54953216957162	0.51722062119174
25.462000000000	0.55210022710319	0.51462045504744
25.468000000000	0.55465554768973	0.51200795909785
25.474000000000	0.55719807450947	0.50938319757142
25.480000000000	0.55972775107119	0.50674623494293
25.486000000000	0.56224452121524	0.50409713593178
25.492000000000	0.56474832911447	0.50143596550023
25.498000000000	0.56723911927523	0.49876278885171
25.504000000000	0.56971683653828	0.49607767142905
25.510000000000	0.57218142607975	0.49338067891276
25.516000000000	0.57463283341210	0.49067187721927
25.522000000000	0.57707100438498	0.48795133249919
25.528000000000	0.57949588518620	0.48521911113558
25.534000000000	0.58190742234260	0.48247527974218
25.540000000000	0.58430556272097	0.47971990516166
25.546000000000	0.58669025352892	0.47695305446387
25.552000000000	0.58906144231573	0.47417479494405
25.558000000000	0.59141907697327	0.47138519412113
25.564000000000	0.59376310573683	0.46858431973589
25.570000000000	0.59609347718595	0.46577223974924
25.576000000000	0.59841014024527	0.46294902234046
25.582000000000	0.60071304418539	0.46011473590537
25.588000000000	0.60300213862364	0.45726944905461
25.594000000000	0.60527737352491	0.45441323061185
25.600000000000	0.60753869920245	0.45154614961198
25.606000000000	0.60978606631868	0.44866827529937
25.612000000000	0.61201942588594	0.44577967712606
25.618000000000	0.61423872926726	0.44288042474997
25.624000000000	0.61644392817715	0.43997058803315
25.630000000000	0.61863497468236	0.43705023703992
25.636000000000	0.62081182120255	0.43411944203515
25.642000000000	0.62297442051114	0.43117827348241
25.648000000000	0.62512272573591	0.42822680204223
25.654000000000	0.62725669035983	0.42526509857024
25.660000000000	0.62937626822167	0.42229323411540
25.666000000000	0.63148141351677	0.41931127991822
25.672000000000	0.63357208079767	0.41631930740890
25.678000000000	0.63564822497484	0.41331738820560
25.684000000000	0.63770980131730	0.41030559411256
25.690000000000	0.63975676545331	0.40728399711834
25.696000000000	0.64178907337100	0.40425266939399
25.702000000000	0.64380668141904	0.40121168329126
25.708000000000	0.64580954630723	0.39816111134075
25.714000000000	0.64779762510714	0.39510102625015
25.720000000000	0.64977087525276	0.39203150090236
25.726000000000	0.65172925454101	0.38895260835374
25.732000000000	0.65367272113244	0.38586442183225
25.738000000000	0.65560123355173	0.38276701473566
25.744000000000	0.65751475068833	0.37966046062970
25.750000000000	0.65941323179696	0.37654483324628
25.756000000000	0.66129663649822	0.37342020648161
25.762000000000	0.66316492477911	0.37028665439446
25.768000000000	0.66501805699359	0.36714425120428
25.774000000000	0.66685599386308	0.36399307128937
25.780000000000	0.66867869647698	0.36083318918511
25.786000000000	0.67048612629322	0.35766467958209
25.792000000000	0.67227824513871	0.35448761732431
25.798000000000	0.67405501520987	0.35130207740732
25.804000000000	0.67581639907309	0.34810813497645
25.810000000000	0.67756235966519	0.34490586532493
25.816000000000	0.67929286029395	0.34169534389211
25.822000000000	0.68100786463847	0.33847664626159
25.828000000000	0.68270733674970	0.33524984815942
25.834000000000	0.68439124105082	0.33201502545228
25.840000000000	0.68605954233769	0.32877225414563
25.846000000000	0.68771220577928	0.32552161038188
25.852000000000	0.68934919691806	0.32226317043859
25.858000000000	0.69097048167039	0.31899701072663
25.864000000000	0.69257602632696	0.31572320778835
25.870000000000	0.69416579755312	0.31244183829574
25.876000000000	0.69573976238926	0.30915297904862
25.882000000000	0.69729788825123	0.30585670697283
25.888000000000	0.69884014293061	0.30255309911836
25.894000000000	0.70036649459512	0.29924223265755
25.900000000000	0.70187691178894	0.29592418488327
25.906000000000	0.70337136343303	0.29259903320707
25.912000000000	0.70484981882546	0.28926685515738
25.918000000000	0.70631224764171	0.28592772837768
25.924000000000	0.70775861993499	0.28258173062465
25.930000000000	0.70918890613651	0.27922893976639
25.936000000000	0.71060307705579	0.27586943378056
25.942000000000	0.71200110388092	0.27250329075257
25.948000000000	0.71338295817881	0.26913058887376
25.954000000000	0.71474861189550	0.26575140643959
25.960000000000	0.71609803735635	0.26236582184779
25.966000000000	0.71743120726634	0.25897391359658
25.972000000000	0.71874809471023	0.25557576028280
25.978000000000	0.72004867315287	0.25217144060016
25.984000000000	0.72133291643933	0.24876103333736
25.990000000000	0.72260079879516	0.24534461737630
25.996000000000	0.72385229482660	0.24192227169028
26.002000000000	0.72508737952071	0.23849407534216
26.008000000000	0.72630602824559	0.23506010748257
26.014000000000	0.72750821675057	0.23162044734808
26.020000000000	0.72869392116632	0.22817517425940
26.026000000000	0.72986311800506	0.22472436761957
26.032000000000	0.73101578416067	0.22126810691216
26.038000000000	0.73215189690886	0.21780647169945
26.044000000000	0.73327143390726	0.21433954162062
26.050000000000	0.73437437319557	0.21086739638997
26.056000000000	0.73546069319570	0.20739011579511
26.062000000000	0.73653037271179	0.20390777969515
26.068000000000	0.73758339093042	0.20042046801891
26.074000000000	0.73861972742059	0.19692826076311
26.080000000000	0.73963936213388	0.19343123799058
26.086000000000	0.74064227540449	0.18992947982849
26.092000000000	0.74162844794930	0.18642306646652
26.098000000000	0.74259786086795	0.18291207815509
26.104000000000	0.74355049564287	0.17939659520357
26.110000000000	0.74448633413930	0.17587669797848
26.116000000000	0.74540535860538	0.17235246690173
26.122000000000	0.74630755167213	0.16882398244880
26.128000000000	0.74719289635345	0.16529132514699
26.134000000000	0.74806137604620	0.16175457557364
26.140000000000	0.74891297453013	0.15821381435432
26.146000000000	0.74974767596789	0.15466912216108
26.152000000000	0.75056546490505	0.15112057971069
26.158000000000	0.75136632627002	0.14756826776282
26.164000000000	0.75215024537408	0.14401226711833
26.170000000000	0.75291720791127	0.14045265861744
26.176000000000	0.75366719995843	0.13688952313802
26.182000000000	0.75440020797507	0.13332294159379
26.188000000000	0.75511621880335	0.12975299493259
26.194000000000	0.75581521966798	0.12617976413458
26.200000000000	0.75649719817620	0.12260333021051
26.206000000000	0.75716214231762	0.11902377419999
26.212000000000	0.75781004046418	0.11544117716967
26.218000000000	0.75844088137004	0.11185562021156
26.224000000000	0.75905465417147	0.10826718444124
26.230000000000	0.75965134838671	0.10467595099613
26.236000000000	0.76023095391590	0.10108200103374
26.242000000000	0.76079346104091	0.097485415729940
26.248000000000	0.76133886042522	0.093886276277228
26.254000000000	0.76186714311377	0.090284663882973
26.260000000000	0.76237830053280	0.086680659767699
26.266000000000	0.76287232448972	0.083074345163347
26.272000000000	0.76334920717291	0.079465801311554
26.278000000000	0.76380894115157	0.075855109461927
26.284000000000	0.76425151937552	0.072242350870319
26.290000000000	0.76467693517506	0.068627606797108
26.296000000000	0.76508518226068	0.065010958505485
26.302000000000	0.76547625472298	0.061392487259737
26.308000000000	0.76585014703237	0.057772274323536
26.314000000000	0.76620685403886	0.054150400958231
26.320000000000	0.76654637097192	0.050526948421142
26.326000000000	0.76686869344013	0.046901997963858
26.332000000000	0.76717381743105	0.043275630830534
26.338000000000	0.76746173931090	0.039647928256198
26.344000000000	0.76773245582436	0.036018971465055
26.350000000000	0.76798596409429	0.032388841668793
26.356000000000	0.76822226162146	0.028757620064897
26.362000000000	0.76844134628429	0.025125387834965
26.368000000000	0.76864321633859	0.021492226143020
26.374000000000	0.76882787041722	0.017858216133838
26.380000000000	0.76899530752988	0.014223438931259
26.386000000000	0.76914552706272	0.010587975636527
26.392000000000	0.76927852877813	0.0069519073266126
26.398000000000	0.76939431281435	0.0033153150525438
26.404000000000	0.76949287968520	-0.00032172016225481
26.410000000000	0.76957423027973	-0.0039591173236259
26.416000000000	0.76963836586191	-0.0075967954683376
26.422000000000	0.76968528807029	-0.011234673665738
26.428000000000	0.76971499891764	-0.014872671019409
26.434000000000	0.76972750079062	-0.018510706668812
26.440000000000	0.76972279644939	-0.022148699790940
26.446000000000	0.76970088902732	-0.025786569601951
26.452000000000	0.76966178203052	-0.029424235358821
26.458000000000	0.76960547933756	-0.033061616360967
26.464000000000	0.76953198519902	-0.036698631951885
26.470000000000	0.76944130423716	-0.040335201520785
26.476000000000	0.76933344144546	-0.043971244504210
26.482000000000	0.76920840218828	-0.047606680387665
26.488000000000	0.76906619220043	-0.051241428707233
26.494000000000	0.76890681758674	-0.054875409051197
26.500000000000	0.76873028482169	-0.058508541061647
26.506000000000	0.76853731899957	-0.062131809191108
26.512000000000	0.76832729341220	-0.065754073292850
26.518000000000	0.76810021560271	-0.069375253776275
26.524000000000	0.76785609347843	-0.072995271110647
26.530000000000	0.76759493531039	-0.076614045826675
26.536000000000	0.76731674973293	-0.080231498518079
26.542000000000	0.76702154574320	-0.083847549843162
26.548000000000	0.76670933270070	-0.087462120526377
26.554000000000	0.76638012032685	-0.091075131359884
26.560000000000	0.76603391870447	-0.094686503205117
26.566000000000	0.76567073827734	-0.098296156994333
26.572000000000	0.76529058984968	-0.10190401373217
26.578000000000	0.76489348458569	-0.10550999449719
26.584000000000	0.76447943400904	-0.10911402044343
26.590000000000	0.76404845000236	-0.11271601280194
26.596000000000	0.76360054480678	-0.11631589288232
26.602000000000	0.76313573102133	-0.11991358207427
26.608000000000	0.76265402160253	-0.12350900184909
26.614000000000	0.76215542986376	-0.12710207376126
26.620000000000	0.76163996947482	-0.13069271944991
26.626000000000	0.76110765446135	-0.13428086064037
26.632000000000	0.76055849920429	-0.13786641914568
26.638000000000	0.75999251843936	-0.14144931686813
26.644000000000	0.75940972725648	-0.14502947580074
26.650000000000	0.75881014109925	-0.14860681802876
26.656000000000	0.75819377576436	-0.15218126573122
26.662000000000	0.75756064740103	-0.15575274118238
26.668000000000	0.75691077251046	-0.15932116675327
26.674000000000	0.75624416794522	-0.16288646491316
26.680000000000	0.75556085090870	-0.16644855823105
26.686000000000	0.75486083895450	-0.17000736937716
26.692000000000	0.75414414998586	-0.17356282112443
26.698000000000	0.75341080225505	-0.17711483634997
26.704000000000	0.75266081436278	-0.18066333803658
26.710000000000	0.75189420525755	-0.18420824927415
26.716000000000	0.75111099423513	-0.18774949326123
26.722000000000	0.75031120093783	-0.19128699330640
26.728000000000	0.74949484535398	-0.19482067282979
26.734000000000	0.74866194781723	-0.19835045536453
26.740000000000	0.74781252900596	-0.20187626455819
26.746000000000	0.74694660994262	-0.20539802417425
26.752000000000	0.74606421199313	-0.20891565809353
26.758000000000	0.74516535686617	-0.21242909031565
26.764000000000	0.74425006661257	-0.21593824496048
26.770000000000	0.74331836362466	-0.21944304626954
26.776000000000	0.74237027063560	-0.22294341860747
26.782000000000	0.74140581071868	-0.22643928646347
26.788000000000	0.74042500728672	-0.22993057445269
26.794000000000	0.73942788409134	-0.23341720731767
26.800000000000	0.73841446522229	-0.23689910992977
26.806000000000	0.73738477510678	-0.24037620729059
26.812000000000	0.73633883850879	-0.24384842453336
26.818000000000	0.73527668052835	-0.24731568692438
26.824000000000	0.73419832660090	-0.25077791986438
26.830000000000	0.73310380249651	-0.25423504889000
26.836000000000	0.73199313431923	-0.25768699967512
26.842000000000	0.73086634850636	-0.26113369803227
26.848000000000	0.72972347182773	-0.26457506991405
26.854000000000	0.72856453138499	-0.26801104141450
26.860000000000	0.72738955461086	-0.27144153877049
26.866000000000	0.72619856926843	-0.27486648836309
26.872000000000	0.72499160345041	-0.27828581671897
26.878000000000	0.72376868557838	-0.28169945051176
26.884000000000	0.72252984440208	-0.28510731656342
26.890000000000	0.72127510899862	-0.28850934184563
26.896000000000	0.72000450877175	-0.29190545348113
26.902000000000	0.71871807345112	-0.29529557874509
26.908000000000	0.71741583309148	-0.29867964506647
26.914000000000	0.71609781807193	-0.30205758002937
26.920000000000	0.71476405909516	-0.30542931137439
26.926000000000	0.71341458718668	-0.30879476699997
26.932000000000	0.71204943369400	-0.31215387496373
26.938000000000	0.71066863028591	-0.31550656348383
26.944000000000	0.70927220895164	-0.31885276094027
26.950000000000	0.70786020200007	-0.32219239587626
26.956000000000	0.70643264205897	-0.32552539699955
26.962000000000	0.70498956207419	-0.32885169318372
26.968000000000	0.70353099530882	-0.33217121346954
26.974000000000	0.70205697534240	-0.33548388706627
26.980000000000	0.70056753607015	-0.33878964335299
26.986000000000	0.69906271170206	-0.34208841187991
26.992000000000	0.69754253676217	-0.34538012236965
26.998000000000	0.69600704608767	-0.34866470471860
27.004000000000	0.69445627482810	-0.35194208899818
27.010000000000	0.69289025844449	-0.35521220545616
27.016000000000	0.69130903270859	-0.35847498451795
27.022000000000	0.68971263370192	-0.36173035678788
27.028000000000	0.68810109781503	-0.36497825305051
27.034000000000	0.68647446174657	-0.36821860427190
27.040000000000	0.68483276250247	-0.37145134160091
27.046000000000	0.68317603739507	-0.37467639637045
27.052000000000	0.68150432404229	-0.37789370009879
27.058000000000	0.67981766036668	-0.38110318449079
27.064000000000	0.67811608459465	-0.38430478143921
27.070000000000	0.67639963525550	-0.38749842302596
27.076000000000	0.67466835118062	-0.39068404152335
27.082000000000	0.67292227150255	-0.39386156939536
27.088000000000	0.67116143565412	-0.39703093929889
27.094000000000	0.66938588336752	-0.40019208408500
27.100000000000	0.66759565467346	-0.40334493680021
27.106000000000	0.66579078990022	-0.40648943068767
27.112000000000	0.66397132967279	-0.40962549918844
27.118000000000	0.66213731491190	-0.41275307594276
27.124000000000	0.66028878683316	-0.41587209479120
27.130000000000	0.65842578694613	-0.41898248977597
27.136000000000	0.65654835705337	-0.42208419514213
27.142000000000	0.65465653924957	-0.42517714533877
27.148000000000	0.65275037592055	-0.42826127502029
27.154000000000	0.65082990974239	-0.43133651904758
27.160000000000	0.64889518368046	-0.43440281248926
27.166000000000	0.64694624098849	-0.43746009062284
27.172000000000	0.64498312520760	-0.44050828893602
27.178000000000	0.64300588016538	-0.44354734312778
27.184000000000	0.64101454997493	-0.44657718910969
27.190000000000	0.63900917903389	-0.44959776300702
27.196000000000	0.63698981202349	-0.45260900115999
27.202000000000	0.63495649390757	-0.45561084012494
27.208000000000	0.63290926993163	-0.45860321667550
27.214000000000	0.63084818562183	-0.46158606780382
27.220000000000	0.62877328678404	-0.46455933072170
27.226000000000	0.62668461950284	-0.46752294286181
27.232000000000	0.62458223014053	-0.47047684187882
27.238000000000	0.62246616533616	-0.47342096565061
27.244000000000	0.62033647200452	-0.47635525227942
27.250000000000	0.61819319733512	-0.47927964009301
27.256000000000	0.61603638879126	-0.48219406764583
27.262000000000	0.61386609410893	-0.48509847372016
27.268000000000	0.61168236129586	-0.48799279732730
27.274000000000	0.60948523863051	-0.49087697770867
27.280000000000	0.60727477466100	-0.49375095433700
27.286000000000	0.60505101820414	-0.49661466691745
27.292000000000	0.60281401834438	-0.49946805538874
27.298000000000	0.60056382443276	-0.50231105992433
27.304000000000	0.59830048608593	-0.50514362093350
27.310000000000	0.59602405318505	-0.50796567906254
27.316000000000	0.59373457587478	-0.51077717519579
27.322000000000	0.59143210456224	-0.51357805045687
27.328000000000	0.58911668991593	-0.51636824620971
27.334000000000	0.58678838286469	-0.51914770405970
27.340000000000	0.58444723459666	-0.52191636585483
27.346000000000	0.58209650204701	-0.52467061433063
27.352000000000	0.57973306500133	-0.52741398007768
27.358000000000	0.57735697521842	-0.53014640591072
27.364000000000	0.57496828471067	-0.53286783489022
27.370000000000	0.57256704574303	-0.53557821032343
27.376000000000	0.57015331083190	-0.53827747576551
27.382000000000	0.56772713274404	-0.54096557502058
27.388000000000	0.56528856449552	-0.54364245214282
27.394000000000	0.56283765935061	-0.54630805143751
27.400000000000	0.56037447082070	-0.54896231746215
27.406000000000	0.55789905266317	-0.55160519502747
27.412000000000	0.55541145888035	-0.55423662919855
27.418000000000	0.55291174371835	-0.55685656529585
27.424000000000	0.55039996166599	-0.55946494889626
27.430000000000	0.54787616745368	-0.56206172583418
27.436000000000	0.54534041605228	-0.56464684220254
27.442000000000	0.54279276267203	-0.56722024435388
27.448000000000	0.54023326276136	-0.56978187890136
27.454000000000	0.53766197200581	-0.57233169271982
27.460000000000	0.53507894632687	-0.57486963294682
27.466000000000	0.53248424188085	-0.57739564698365
27.472000000000	0.52987791505775	-0.57990968249639
27.478000000000	0.52726002248007	-0.58241168741689
27.484000000000	0.52463062100173	-0.58490160994385
27.490000000000	0.52198976770684	-0.58737939854379
27.496000000000	0.51933751990860	-0.58984500195210
27.502000000000	0.51667393514809	-0.59229836917401
27.508000000000	0.51399907119315	-0.59473944948565
27.514000000000	0.51131298603717	-0.59716819243501
27.520000000000	0.50861573789791	-0.59958454784296
27.526000000000	0.50590738521638	-0.60198846580425
27.532000000000	0.50318798665558	-0.60437989668849
27.538000000000	0.50045760109934	-0.60675879114115
27.544000000000	0.49771628765116	-0.60912510008454
27.550000000000	0.49496410563294	-0.61147877471881
27.556000000000	0.49220111458388	-0.61381976652288
27.562000000000	0.48942737425915	-0.61614802725548
27.568000000000	0.48664294462881	-0.61846350895607
27.574000000000	0.48384788587648	-0.62076616394585
27.580000000000	0.48104225839820	-0.62305594482866
27.586000000000	0.47822612280117	-0.62533280449203
27.592000000000	0.47539953990253	-0.62759669610803
27.598000000000	0.47256257072816	-0.62984757313433
27.604000000000	0.46971527651136	-0.63208538931506
27.610000000000	0.46685771869171	-0.63431009868181
27.616000000000	0.46398995891376	-0.63652165555453
27.622000000000	0.46111205902580	-0.63872001454252
27.628000000000	0.45822408107862	-0.64090513054530
27.634000000000	0.45532608732421	-0.64307695875358
27.640000000000	0.45241814021455	-0.64523545465019
27.646000000000	0.44950030240031	-0.64738057401096
27.652000000000	0.44657263672960	-0.64951227290569
27.658000000000	0.44363520624667	-0.65163050769900
27.664000000000	0.44068807419063	-0.65373523505130
27.670000000000	0.43773130399422	-0.65582641191968
27.676000000000	0.43476495928243	-0.65790399555876
27.682000000000	0.43178910387128	-0.65996794352168
27.688000000000	0.42880380176652	-0.66201821366089
27.694000000000	0.42580911716225	-0.66405476412912
27.700000000000	0.42280511443971	-0.66607755338023
27.706000000000	0.41979185816593	-0.66808654017008
27.712000000000	0.41676941309239	-0.67008168355743
27.718000000000	0.41373784415373	-0.67206294290479
27.724000000000	0.41069721646642	-0.67403027787933
27.730000000000	0.40764759532743	-0.67598364845367
27.736000000000	0.40458904621290	-0.67792301490681
27.742000000000	0.40152163477676	-0.67984833782494
27.748000000000	0.39844542684947	-0.68175957810233
27.754000000000	0.39536048843659	-0.68365669694212
27.760000000000	0.39226688571750	-0.68553965585722
27.766000000000	0.38916468504396	-0.68740841667111
27.772000000000	0.38605395293883	-0.68926294151869
27.778000000000	0.38293475609467	-0.69110319284709
27.784000000000	0.37980716137235	-0.69292913341652
27.790000000000	0.37667123579971	-0.69474072630107
27.796000000000	0.37352704657017	-0.69653793488953
27.802000000000	0.37037466104134	-0.69832072288620
27.808000000000	0.36721414673362	-0.70008905431169
27.814000000000	0.36404557132883	-0.70184289350374
27.820000000000	0.36086900266881	-0.70358220511799
27.826000000000	0.35768450875401	-0.70530695412878
27.832000000000	0.35449215774207	-0.70701710582996
27.838000000000	0.35129201794644	-0.70871262583562
27.844000000000	0.34808415783494	-0.71039348008094
27.850000000000	0.34486864602834	-0.71205963482288
27.856000000000	0.34164555129894	-0.71371105664102
27.862000000000	0.33841494256916	-0.71534771243827
27.868000000000	0.33517688891005	-0.71696956944167
27.874000000000	0.33193145953993	-0.71857659520309
27.880000000000	0.32867872382286	-0.72016875760004
27.886000000000	0.32541875126726	-0.72174602483637
27.892000000000	0.32215161152443	-0.72330836544299
27.898000000000	0.31887737438709	-0.72485574827869
27.904000000000	0.31559610978790	-0.72638814253074
27.910000000000	0.31230788779805	-0.72790551771574
27.916000000000	0.30901277862573	-0.72940784368023
27.922000000000	0.30571085261466	-0.73089509060148
27.928000000000	0.30240218024267	-0.73236722898814
27.934000000000	0.29908683212012	-0.73382422968098
27.940000000000	0.29576487898849	-0.73526606385356
27.946000000000	0.29243639171884	-0.73669270301294
27.952000000000	0.28910144131033	-0.73810411900034
27.958000000000	0.28576009888869	-0.73950028399186
27.964000000000	0.28241243570476	-0.74088117049911
27.970000000000	0.27905852313292	-0.74224675136988
27.976000000000	0.27569843266962	-0.74359699978886
27.982000000000	0.27233223593183	-0.74493188927821
27.988000000000	0.26896000465550	-0.74625139369829
27.994000000000	0.26558181069407	-0.74755548724826
28.000000000000	0.26219772601690	-0.74884414446673
