#Parameters = {Epsilon=3; a=8.636; b=4.318; d_new=2; d_odj=74.4; h=1; l=26; l_old=26; tg_delta=0.01}
#"Frequency / GHz"	"S2,2 [Re]"	"S2,2 [Im]"	"Ref.Imp. [Re]"	"Ref.Imp. [Im]"
#-------------------------------------------------------------------------
22.000000000000	-0.013442450273676	0.71590733837015	613.07053357340	0.0000000000000
22.006000000000	-0.0091337942062205	0.71582332695166	612.82291089986	0.0000000000000
22.012000000000	-0.0048279008990392	0.71571348786878	612.57528822632	0.0000000000000
22.018000000000	-0.00052492423159992	0.71557785943826	612.32766555279	0.0000000000000
22.024000000000	0.0037749823621077	0.71541648086892	612.08004287925	0.0000000000000
22.030000000000	0.0080716658980760	0.71522939225689	611.83242020571	0.0000000000000
22.036000000000	0.012364973846736	0.71501663458069	611.58479753217	0.0000000000000
22.042000000000	0.016654754137363	0.71477824969647	611.33717485863	0.0000000000000
22.048000000000	0.020940855162430	0.71451428033307	611.08955218509	0.0000000000000
22.054000000000	0.025223125781933	0.71422477008725	610.84192951155	0.0000000000000
22.060000000000	0.029501415327636	0.71390976341871	610.59430683802	0.0000000000000
22.066000000000	0.033775573607294	0.71356930564532	610.34668416448	0.0000000000000
22.072000000000	0.038045450908820	0.71320344293815	610.09906149094	0.0000000000000
22.078000000000	0.042310898004410	0.71281222231663	609.85143881740	0.0000000000000
22.084000000000	0.046571766154606	0.71239569164364	609.60381614386	0.0000000000000
22.090000000000	0.050827907112335	0.71195389962057	609.35619347032	0.0000000000000
22.096000000000	0.055079173126884	0.71148689578245	609.10857079678	0.0000000000000
22.102000000000	0.059325416947836	0.71099473049305	608.86094812324	0.0000000000000
22.108000000000	0.063566491828958	0.71047745493988	608.61332544971	0.0000000000000
22.114000000000	0.067802251532048	0.70993512112936	608.36570277617	0.0000000000000
22.120000000000	0.072032550330733	0.70936778188184	608.11808010263	0.0000000000000
22.126000000000	0.076257243014220	0.70877549082666	607.87045742909	0.0000000000000
22.132000000000	0.080476184891010	0.70815830239723	607.62283475555	0.0000000000000
22.138000000000	0.084689231792557	0.70751627182612	607.37521208201	0.0000000000000
22.144000000000	0.088896240076889	0.70684945514006	607.12758940847	0.0000000000000
22.150000000000	0.093097066632198	0.70615790915504	606.87996673494	0.0000000000000
22.156000000000	0.097291568880350	0.70544169147133	606.63234406140	0.0000000000000
22.162000000000	0.10147960478040	0.70470086046858	606.38472138786	0.0000000000000
22.168000000000	0.10566103283200	0.70393547530080	606.13709871432	0.0000000000000
22.174000000000	0.10983571207887	0.70314559589150	605.88947604078	0.0000000000000
22.180000000000	0.11400350211209	0.70233128292864	605.64185336724	0.0000000000000
22.186000000000	0.11816426307345	0.70149259785976	605.39423069370	0.0000000000000
22.192000000000	0.12231785565874	0.70062960288697	605.14660802016	0.0000000000000
22.198000000000	0.12646414112095	0.69974236096204	604.89898534663	0.0000000000000
22.204000000000	0.13060298127352	0.69883093578141	604.65136267309	0.0000000000000
22.210000000000	0.13473423849342	0.69789539178127	604.40373999955	0.0000000000000
22.216000000000	0.13885777572434	0.69693579413260	604.15611732601	0.0000000000000
22.222000000000	0.14297345647969	0.69595220873620	603.90849465247	0.0000000000000
22.228000000000	0.14708114484570	0.69494470221776	603.66087197893	0.0000000000000
22.234000000000	0.15118070548436	0.69391334192292	603.41324930539	0.0000000000000
22.240000000000	0.15527200363638	0.69285819591231	603.16562663186	0.0000000000000
22.246000000000	0.15935490512414	0.69177933295661	602.91800395832	0.0000000000000
22.252000000000	0.16342927635452	0.69067682253162	602.67038128478	0.0000000000000
22.258000000000	0.16749498432175	0.68955073481330	602.42275861124	0.0000000000000
22.264000000000	0.17155189661023	0.68840114067286	602.17513593770	0.0000000000000
22.270000000000	0.17559988139724	0.68722811167180	601.92751326416	0.0000000000000
22.276000000000	0.17963880745569	0.68603172005701	601.67989059062	0.0000000000000
22.282000000000	0.18366854415682	0.68481203875583	601.43226791708	0.0000000000000
22.288000000000	0.18768896147280	0.68356914137111	601.18464524355	0.0000000000000
22.294000000000	0.19169992997938	0.68230310217633	600.93702257001	0.0000000000000
22.300000000000	0.19570132085841	0.68101399611065	600.68939989647	0.0000000000000
22.306000000000	0.19969300590044	0.67970189877403	600.44177722293	0.0000000000000
22.312000000000	0.20367485750717	0.67836688642230	600.19415454939	0.0000000000000
22.318000000000	0.20764674869391	0.67700903596227	599.94653187585	0.0000000000000
22.324000000000	0.21160855309204	0.67562842494683	599.69890920231	0.0000000000000
22.330000000000	0.21556014495137	0.67422513157006	599.45128652878	0.0000000000000
22.336000000000	0.21950139914252	0.67279923466234	599.20366385524	0.0000000000000
22.342000000000	0.22343219115919	0.67135081368549	598.95604118170	0.0000000000000
22.348000000000	0.22735239712052	0.66987994872786	598.70841850816	0.0000000000000
22.354000000000	0.23126189377327	0.66838672049949	598.46079583462	0.0000000000000
22.360000000000	0.23516055849408	0.66687121032724	598.21317316108	0.0000000000000
22.366000000000	0.23904826929165	0.66533350014991	597.96555048754	0.0000000000000
22.372000000000	0.24292490480884	0.66377367251341	597.71792781400	0.0000000000000
22.378000000000	0.24679034432487	0.66219181056592	597.47030514047	0.0000000000000
22.384000000000	0.25064446775732	0.66058799805303	597.22268246693	0.0000000000000
22.390000000000	0.25448715566424	0.65896231931293	596.97505979339	0.0000000000000
22.396000000000	0.25831828924612	0.65731485927154	596.72743711985	0.0000000000000
22.402000000000	0.26213775034790	0.65564570343777	596.47981444631	0.0000000000000
22.408000000000	0.26594542146092	0.65395493789862	596.23219177277	0.0000000000000
22.414000000000	0.26974118572485	0.65224264931443	595.98456909923	0.0000000000000
22.420000000000	0.27352492692955	0.65050892491408	595.73694642570	0.0000000000000
22.426000000000	0.27729652951694	0.64875385249017	595.48932375216	0.0000000000000
22.432000000000	0.28105587858284	0.64697752039426	595.24170107862	0.0000000000000
22.438000000000	0.28480285987876	0.64518001753208	594.99407840508	0.0000000000000
22.444000000000	0.28853735981365	0.64336143335877	594.74645573154	0.0000000000000
22.450000000000	0.29225926545563	0.64152185787414	594.49883305800	0.0000000000000
22.456000000000	0.29596846453374	0.63966138161788	594.25121038446	0.0000000000000
22.462000000000	0.29966484543956	0.63778009566482	594.00358771092	0.0000000000000
22.468000000000	0.30334829722888	0.63587809162023	593.75596503739	0.0000000000000
22.474000000000	0.30701870962331	0.63395546161505	593.50834236385	0.0000000000000
22.480000000000	0.31067597301187	0.63201229830119	593.26071969031	0.0000000000000
22.486000000000	0.31431997845256	0.63004869484682	593.01309701677	0.0000000000000
22.492000000000	0.31795061767384	0.62806474493166	592.76547434323	0.0000000000000
22.498000000000	0.32156778307619	0.62606054274228	592.51785166969	0.0000000000000
22.504000000000	0.32517136773355	0.62403618296742	592.27022899615	0.0000000000000
22.510000000000	0.32876126539476	0.62199176079332	592.02260632262	0.0000000000000
22.516000000000	0.33233737048500	0.61992737189904	591.77498364908	0.0000000000000
22.522000000000	0.33589957810715	0.61784311245179	591.52736097554	0.0000000000000
22.528000000000	0.33944778404316	0.61573907910229	591.27973830200	0.0000000000000
22.534000000000	0.34298188475541	0.61361536898014	591.03211562846	0.0000000000000
22.540000000000	0.34650177738798	0.61147207968916	590.78449295492	0.0000000000000
22.546000000000	0.35000735976794	0.60930930930279	590.53687028138	0.0000000000000
22.552000000000	0.35349853040662	0.60712715635945	590.28924760784	0.0000000000000
22.558000000000	0.35697518850083	0.60492571985794	590.04162493431	0.0000000000000
22.564000000000	0.36043723393405	0.60270509925287	589.79400226077	0.0000000000000
22.570000000000	0.36388456727761	0.60046539445002	589.54637958723	0.0000000000000
22.576000000000	0.36731708979187	0.59820670580181	589.29875691369	0.0000000000000
22.582000000000	0.37073470342729	0.59592913410269	589.05113424015	0.0000000000000
22.588000000000	0.37413731082559	0.59363278058462	588.80351156661	0.0000000000000
22.594000000000	0.37752481532076	0.59131774691247	588.55588889307	0.0000000000000
22.600000000000	0.38089712094019	0.58898413517954	588.30826621954	0.0000000000000
22.606000000000	0.38425413240560	0.58663204790296	588.06064354600	0.0000000000000
22.612000000000	0.38759575513413	0.58426158801921	587.81302087246	0.0000000000000
22.618000000000	0.39092189523926	0.58187285887960	587.56539819892	0.0000000000000
22.624000000000	0.39423245953178	0.57946596424577	587.31777552538	0.0000000000000
22.630000000000	0.39752735552074	0.57704100828516	587.07015285184	0.0000000000000
22.636000000000	0.40078265860537	0.57461469489657	586.88151010885	0.0000000000000
22.642000000000	0.40402231364953	0.57217079944705	586.69286736585	0.0000000000000
22.648000000000	0.40724623245411	0.56970942532627	586.50422462285	0.0000000000000
22.654000000000	0.41045432750440	0.56723067629717	586.31558187986	0.0000000000000
22.660000000000	0.41364651197076	0.56473465649162	586.12693913686	0.0000000000000
22.666000000000	0.41682269970937	0.56222147040616	585.93829639387	0.0000000000000
22.672000000000	0.41998280526290	0.55969122289765	585.74965365087	0.0000000000000
22.678000000000	0.42312674386121	0.55714401917908	585.56101090788	0.0000000000000
22.684000000000	0.42625443142195	0.55457996481526	585.37236816488	0.0000000000000
22.690000000000	0.42936578455124	0.55199916571855	585.18372542188	0.0000000000000
22.696000000000	0.43246072054426	0.54940172814469	584.99508267889	0.0000000000000
22.702000000000	0.43553915738582	0.54678775868847	584.80643993589	0.0000000000000
22.708000000000	0.43860101375093	0.54415736427959	584.61779719290	0.0000000000000
22.714000000000	0.44164620900538	0.54151065217840	584.42915444990	0.0000000000000
22.720000000000	0.44467466320622	0.53884772997170	584.24051170691	0.0000000000000
22.726000000000	0.44768629710231	0.53616870556857	584.05186896391	0.0000000000000
22.732000000000	0.45068103213476	0.53347368719617	583.86322622091	0.0000000000000
22.738000000000	0.45365879043744	0.53076278339556	583.67458347792	0.0000000000000
22.744000000000	0.45661949483739	0.52803610301756	583.48594073492	0.0000000000000
22.750000000000	0.45956306885527	0.52529375521857	583.29729799193	0.0000000000000
22.756000000000	0.46248943670579	0.52253584945643	583.10865524893	0.0000000000000
22.762000000000	0.46539852329803	0.51976249548631	582.92001250593	0.0000000000000
22.768000000000	0.46829025423589	0.51697380335656	582.73136976294	0.0000000000000
22.774000000000	0.47116455581839	0.51416988340460	582.54272701994	0.0000000000000
22.780000000000	0.47402135504002	0.51135084625281	582.35408427695	0.0000000000000
22.786000000000	0.47686057959106	0.50851680280448	582.16544153395	0.0000000000000
22.792000000000	0.47968215785786	0.50566786423966	581.97679879096	0.0000000000000
22.798000000000	0.48248601892314	0.50280414201112	581.78815604796	0.0000000000000
22.804000000000	0.48527209256623	0.49992574784029	581.59951330496	0.0000000000000
22.810000000000	0.48804030926332	0.49703279371317	581.41087056197	0.0000000000000
22.816000000000	0.49079060018770	0.49412539187633	581.22222781897	0.0000000000000
22.822000000000	0.49352289720992	0.49120365483285	581.03358507598	0.0000000000000
22.828000000000	0.49623713289803	0.48826769533830	580.84494233298	0.0000000000000
22.834000000000	0.49893324051774	0.48531762639669	580.65629958999	0.0000000000000
22.840000000000	0.50161115403254	0.48235356125653	580.46765684699	0.0000000000000
22.846000000000	0.50427080810388	0.47937561340677	580.27901410399	0.0000000000000
22.852000000000	0.50691213809125	0.47638389657284	580.09037136100	0.0000000000000
22.858000000000	0.50953508005233	0.47337852471269	579.90172861800	0.0000000000000
22.864000000000	0.51213957074303	0.47035961201278	579.71308587501	0.0000000000000
22.870000000000	0.51472554761758	0.46732727288415	579.52444313201	0.0000000000000
22.876000000000	0.51729294882859	0.46428162195845	579.33580038902	0.0000000000000
22.882000000000	0.51984171322705	0.46122277408404	579.14715764602	0.0000000000000
22.888000000000	0.52237178036241	0.45815084432201	578.95851490302	0.0000000000000
22.894000000000	0.52488309048251	0.45506594794230	578.76987216003	0.0000000000000
22.900000000000	0.52737558453364	0.45196820041974	578.58122941703	0.0000000000000
22.906000000000	0.52984920416045	0.44885771743023	578.39258667404	0.0000000000000
22.912000000000	0.53230389170592	0.44573461484676	578.20394393104	0.0000000000000
22.918000000000	0.53473959021133	0.44259900873556	578.01530118804	0.0000000000000
22.924000000000	0.53715624341614	0.43945101535227	577.82665844505	0.0000000000000
22.930000000000	0.53955379575793	0.43629075113800	577.63801570205	0.0000000000000
22.936000000000	0.54193219237227	0.43311833271554	577.44937295906	0.0000000000000
22.942000000000	0.54429137909258	0.42993387688545	577.26073021606	0.0000000000000
22.948000000000	0.54663130245005	0.42673750062231	577.07208747307	0.0000000000000
22.954000000000	0.54895190967341	0.42352932107080	576.88344473007	0.0000000000000
22.960000000000	0.55125314868882	0.42030945554196	576.69480198707	0.0000000000000
22.966000000000	0.55353496811965	0.41707802150933	576.50615924408	0.0000000000000
22.972000000000	0.55579731728627	0.41383513660517	576.31751650108	0.0000000000000
22.978000000000	0.55804014620587	0.41058091861668	576.12887375809	0.0000000000000
22.984000000000	0.56026340559220	0.40731548548219	575.94023101509	0.0000000000000
22.990000000000	0.56246704685534	0.40403895528743	575.75158827210	0.0000000000000
22.996000000000	0.56465102210142	0.40075144626173	575.56294552910	0.0000000000000
23.002000000000	0.56681528413237	0.39745307677427	575.37430278610	0.0000000000000
23.008000000000	0.56895978644559	0.39414396533038	575.18566004311	0.0000000000000
23.014000000000	0.57108448323370	0.39082423056774	574.99701730011	0.0000000000000
23.020000000000	0.57318932938416	0.38749399125269	574.80837455712	0.0000000000000
23.026000000000	0.57527428047899	0.38415336627652	574.61973181412	0.0000000000000
23.032000000000	0.57733929279436	0.38080247465174	574.43108907112	0.0000000000000
23.038000000000	0.57938432330031	0.37744143550839	574.24244632813	0.0000000000000
23.044000000000	0.58140932966028	0.37407036809035	574.05380358513	0.0000000000000
23.050000000000	0.58341427023079	0.37068939175166	573.86516084214	0.0000000000000
23.056000000000	0.58539910406101	0.36729862595284	573.67651809914	0.0000000000000
23.062000000000	0.58736379089231	0.36389819025723	573.48787535615	0.0000000000000
23.068000000000	0.58930829115787	0.36048820432733	573.29923261315	0.0000000000000
23.074000000000	0.59123256598223	0.35706878792119	573.11058987015	0.0000000000000
23.080000000000	0.59313657718079	0.35364006088871	572.92194712716	0.0000000000000
23.086000000000	0.59502028725937	0.35020214316804	572.73330438416	0.0000000000000
23.092000000000	0.59688365941370	0.34675515478200	572.54466164117	0.0000000000000
23.098000000000	0.59872665752894	0.34329921583439	572.35601889817	0.0000000000000
23.104000000000	0.60054924617912	0.33983444650647	572.16737615518	0.0000000000000
23.110000000000	0.60235139062666	0.33636096705330	571.97873341218	0.0000000000000
23.116000000000	0.60413305682180	0.33287889780020	571.79009066918	0.0000000000000
23.122000000000	0.60589421140204	0.32938835913913	571.60144792619	0.0000000000000
23.128000000000	0.60763482169157	0.32588947152517	571.41280518319	0.0000000000000
23.134000000000	0.60935485570070	0.32238235547294	571.22416244020	0.0000000000000
23.140000000000	0.61105428212524	0.31886713155305	571.03551969720	0.0000000000000
23.146000000000	0.61273307034590	0.31534392038853	570.84687695421	0.0000000000000
23.152000000000	0.61439119042767	0.31181284265136	570.65823421121	0.0000000000000
23.158000000000	0.61602861311917	0.30827401905888	570.46959146821	0.0000000000000
23.164000000000	0.61764530985201	0.30472757037033	570.28094872522	0.0000000000000
23.170000000000	0.61924125274011	0.30117361738331	570.09230598222	0.0000000000000
23.176000000000	0.62081641457906	0.29761228093026	569.90366323923	0.0000000000000
23.182000000000	0.62237076884536	0.29404368187504	569.71502049623	0.0000000000000
23.188000000000	0.62390428969579	0.29046794110938	569.52637775323	0.0000000000000
23.194000000000	0.62541695196664	0.28688517954943	569.33773501024	0.0000000000000
23.200000000000	0.62690873117303	0.28329551813230	569.14909226724	0.0000000000000
23.206000000000	0.62837960350812	0.27969907781262	568.96044952425	0.0000000000000
23.212000000000	0.62982954584235	0.27609597955905	568.77180678125	0.0000000000000
23.218000000000	0.63125853572274	0.27248634435088	568.58316403826	0.0000000000000
23.224000000000	0.63266655137204	0.26887029317456	568.39452129526	0.0000000000000
23.230000000000	0.63405357168795	0.26524794702033	568.20587855226	0.0000000000000
23.236000000000	0.63541957624233	0.26161942687877	568.01723580927	0.0000000000000
23.242000000000	0.63676454528038	0.25798485373737	567.82859306627	0.0000000000000
23.248000000000	0.63808845971979	0.25434434857721	567.63995032328	0.0000000000000
23.254000000000	0.63939130114991	0.25069803236949	567.45130758028	0.0000000000000
23.260000000000	0.64067305183089	0.24704602607221	567.26266483729	0.0000000000000
23.266000000000	0.64193369469278	0.24338845062676	567.07402209429	0.0000000000000
23.272000000000	0.64317321333471	0.23972542695457	566.88537935129	0.0000000000000
23.278000000000	0.64439159202393	0.23605707595376	566.69673660830	0.0000000000000
23.284000000000	0.64558881569495	0.23238351849579	566.50809386530	0.0000000000000
23.290000000000	0.64676486994859	0.22870487542211	566.31945112231	0.0000000000000
23.296000000000	0.64791974105105	0.22502126754084	566.13080837931	0.0000000000000
23.302000000000	0.64905341593299	0.22133281562348	565.94216563631	0.0000000000000
23.308000000000	0.65016588218852	0.21763964040152	565.75352289332	0.0000000000000
23.314000000000	0.65125712807428	0.21394186256322	565.56488015032	0.0000000000000
23.320000000000	0.65232714250847	0.21023960275026	565.37623740733	0.0000000000000
23.326000000000	0.65337591506976	0.20653298155447	565.18759466433	0.0000000000000
23.332000000000	0.65440343599641	0.20282211951454	564.99895192134	0.0000000000000
23.338000000000	0.65540969618514	0.19910713711277	564.81030917834	0.0000000000000
23.344000000000	0.65639468719017	0.19538815477180	564.62166643534	0.0000000000000
23.350000000000	0.65735840122215	0.19166529285133	564.43302369235	0.0000000000000
23.356000000000	0.65830083114710	0.18793867164493	564.24438094935	0.0000000000000
23.362000000000	0.65922197048534	0.18420841137675	564.05573820636	0.0000000000000
23.368000000000	0.66012181341043	0.18047463219830	563.86709546336	0.0000000000000
23.374000000000	0.66100035474803	0.17673745418526	563.67845272037	0.0000000000000
23.380000000000	0.66185758997488	0.17299699733424	563.48980997737	0.0000000000000
23.386000000000	0.66269351521756	0.16925338155959	563.30116723437	0.0000000000000
23.392000000000	0.66350812725150	0.16550672669020	563.11252449138	0.0000000000000
23.398000000000	0.66430142349971	0.16175715246633	562.92388174838	0.0000000000000
23.404000000000	0.66507340203172	0.15800477853638	562.73523900539	0.0000000000000
23.410000000000	0.66582406156235	0.15424972445380	562.54659626239	0.0000000000000
23.416000000000	0.66655340145060	0.15049210967386	562.35795351939	0.0000000000000
23.422000000000	0.66726142169837	0.14673205355055	562.16931077640	0.0000000000000
23.428000000000	0.66794812294936	0.14296967533340	561.98066803340	0.0000000000000
23.434000000000	0.66861350648776	0.13920509416435	561.79202529041	0.0000000000000
23.440000000000	0.66925757423709	0.13543842907465	561.60338254741	0.0000000000000
23.446000000000	0.66988032875895	0.13166979898171	561.41473980442	0.0000000000000
23.452000000000	0.67048177325174	0.12789932268601	561.22609706142	0.0000000000000
23.458000000000	0.67106191154944	0.12412711886801	561.03745431842	0.0000000000000
23.464000000000	0.67162074812030	0.12035330608502	560.84881157543	0.0000000000000
23.470000000000	0.67215828806557	0.11657800276815	560.66016883243	0.0000000000000
23.476000000000	0.67267453711823	0.11280132721924	560.47152608944	0.0000000000000
23.482000000000	0.67316950164162	0.10902339760776	560.28288334644	0.0000000000000
23.488000000000	0.67364318862818	0.10524433196779	560.09424060345	0.0000000000000
23.494000000000	0.67409560569807	0.10146424819495	559.90559786045	0.0000000000000
23.500000000000	0.67452676109787	0.097683264043368	559.71695511745	0.0000000000000
23.506000000000	0.67493666369917	0.093901497122653	559.52831237446	0.0000000000000
23.512000000000	0.67532532299727	0.090119064894866	559.33966963146	0.0000000000000
23.518000000000	0.67569274910972	0.086336084671514	559.15102688847	0.0000000000000
23.524000000000	0.67603895277500	0.082552673610543	558.96238414547	0.0000000000000
23.530000000000	0.67636394535109	0.078768948713341	558.77374140248	0.0000000000000
23.536000000000	0.67666773881403	0.074985026821761	558.58509865948	0.0000000000000
23.542000000000	0.67695034575653	0.071201024615133	558.39645591648	0.0000000000000
23.548000000000	0.67721177938651	0.067417058607305	558.20781317349	0.0000000000000
23.554000000000	0.67745205352568	0.063633245143681	558.01917043049	0.0000000000000
23.560000000000	0.67767118260803	0.059849700398265	557.83052768750	0.0000000000000
23.566000000000	0.67786918167839	0.056066540370734	557.64188494450	0.0000000000000
23.572000000000	0.67804606639096	0.052283880883496	557.45324220150	0.0000000000000
23.578000000000	0.67820185300776	0.048501837578768	557.26459945851	0.0000000000000
23.584000000000	0.67833655839717	0.044720525915671	557.07595671551	0.0000000000000
23.590000000000	0.67845020003240	0.040940061167314	556.88731397252	0.0000000000000
23.596000000000	0.67854279598994	0.037160558417910	556.69867122952	0.0000000000000
23.602000000000	0.67861436494807	0.033382132559885	556.51002848653	0.0000000000000
23.608000000000	0.67866492618521	0.029604898291001	556.32138574353	0.0000000000000
23.614000000000	0.67869449957846	0.025828970111494	556.13274300053	0.0000000000000
23.620000000000	0.67870310560196	0.022054462321213	555.94410025754	0.0000000000000
23.626000000000	0.67869076532533	0.018281489016772	555.75545751454	0.0000000000000
23.632000000000	0.67865750041203	0.014510164088711	555.56681477155	0.0000000000000
23.638000000000	0.67860333311781	0.010740601218670	555.37817202855	0.0000000000000
23.644000000000	0.67852828628905	0.0069729138765692	555.18952928556	0.0000000000000
23.650000000000	0.67843238336111	0.0032072153177903	555.00088654256	0.0000000000000
23.656000000000	0.67831564835675	-0.00055638141960982	554.81224379956	0.0000000000000
23.662000000000	0.67817810588439	-0.0043177635176999	554.62360105657	0.0000000000000
23.668000000000	0.67801978113652	-0.0080768183814527	554.43495831357	0.0000000000000
23.674000000000	0.67784069988795	-0.011833433641516	554.24631557058	0.0000000000000
23.680000000000	0.67764088849419	-0.015587497156974	554.05767282758	0.0000000000000
23.686000000000	0.67742037388970	-0.019338897018101	553.86903008459	0.0000000000000
23.692000000000	0.67717918358619	-0.023087521549100	553.68038734159	0.0000000000000
23.698000000000	0.67691734567092	-0.026833259310841	553.49174459859	0.0000000000000
23.704000000000	0.67663488880491	-0.030575999103577	553.30310185560	0.0000000000000
23.710000000000	0.67633184222127	-0.034315629969656	553.11445911260	0.0000000000000
23.716000000000	0.67600823572338	-0.038052041196232	552.92581636961	0.0000000000000
23.722000000000	0.67566409968314	-0.041785122317946	552.73717362661	0.0000000000000
23.728000000000	0.67529946503923	-0.045514763119618	552.54853088361	0.0000000000000
23.734000000000	0.67491436329525	-0.049240853638910	552.35988814062	0.0000000000000
23.740000000000	0.67450882651799	-0.052963284168996	552.17124539762	0.0000000000000
23.746000000000	0.67408288733555	-0.056681945261210	551.98260265463	0.0000000000000
23.752000000000	0.67363911205872	-0.060368275481237	551.84581802927	0.0000000000000
23.758000000000	0.67317531357995	-0.064050657260131	551.70903340392	0.0000000000000
23.764000000000	0.67269152568560	-0.067728984492273	551.57224877856	0.0000000000000
23.770000000000	0.67218778269790	-0.071403151334878	551.43546415320	0.0000000000000
23.776000000000	0.67166411947319	-0.075073052210477	551.29867952785	0.0000000000000
23.782000000000	0.67112057140006	-0.078738581809396	551.16189490249	0.0000000000000
23.788000000000	0.67055717439752	-0.082399635092216	551.02511027714	0.0000000000000
23.794000000000	0.66997396491319	-0.086056107292233	550.88832565178	0.0000000000000
23.800000000000	0.66937097992142	-0.089707893917901	550.75154102642	0.0000000000000
23.806000000000	0.66874825692147	-0.093354890755265	550.61475640107	0.0000000000000
23.812000000000	0.66810583393559	-0.096996993870389	550.47797177571	0.0000000000000
23.818000000000	0.66744374950717	-0.10063409961177	550.34118715036	0.0000000000000
23.824000000000	0.66676204269886	-0.10426610461274	550.20440252500	0.0000000000000
23.830000000000	0.66606075309063	-0.10789290579385	550.06761789965	0.0000000000000
23.836000000000	0.66533992077791	-0.11151440036529	549.93083327429	0.0000000000000
23.842000000000	0.66459958636964	-0.11513048582921	549.79404864893	0.0000000000000
23.848000000000	0.66383979098635	-0.11874105998213	549.65726402358	0.0000000000000
23.854000000000	0.66306057625821	-0.12234602091723	549.52047939822	0.0000000000000
23.860000000000	0.66226198432311	-0.12594526702679	549.38369477287	0.0000000000000
23.866000000000	0.66144405782465	-0.12953869700441	549.24691014751	0.0000000000000
23.872000000000	0.66060683991025	-0.13312620984741	549.11012552216	0.0000000000000
23.878000000000	0.65975037422910	-0.13670770485910	548.97334089680	0.0000000000000
23.884000000000	0.65887470493020	-0.14028308165108	548.83655627144	0.0000000000000
23.890000000000	0.65797987666036	-0.14385224014556	548.69977164609	0.0000000000000
23.896000000000	0.65706593456222	-0.14741508057761	548.56298702073	0.0000000000000
23.902000000000	0.65613292427219	-0.15097150349739	548.42620239538	0.0000000000000
23.908000000000	0.65518089191846	-0.15452140977250	548.28941777002	0.0000000000000
23.914000000000	0.65420988411894	-0.15806470059013	548.15263314466	0.0000000000000
23.920000000000	0.65321994797923	-0.16160127745934	548.01584851931	0.0000000000000
23.926000000000	0.65221113109056	-0.16513104221327	547.87906389395	0.0000000000000
23.932000000000	0.65118348152776	-0.16865389701137	547.74227926860	0.0000000000000
23.938000000000	0.65013704784712	-0.17216974434156	547.60549464324	0.0000000000000
23.944000000000	0.64907187908436	-0.17567848702244	547.46871001789	0.0000000000000
23.950000000000	0.64798802475256	-0.17918002820548	547.33192539253	0.0000000000000
23.956000000000	0.64688553483997	-0.18267427137717	547.19514076717	0.0000000000000
23.962000000000	0.64576445980801	-0.18616112036117	547.05835614182	0.0000000000000
23.968000000000	0.64462485058907	-0.18964047932045	546.92157151646	0.0000000000000
23.974000000000	0.64346675858444	-0.19311225275946	546.78478689111	0.0000000000000
23.980000000000	0.64229023566213	-0.19657634552619	546.64800226575	0.0000000000000
23.986000000000	0.64109533415475	-0.20003266281431	546.51121764039	0.0000000000000
23.992000000000	0.63988210685735	-0.20348111016528	546.37443301504	0.0000000000000
23.998000000000	0.63865060702527	-0.20692159347041	546.23764838968	0.0000000000000
24.004000000000	0.63740088837194	-0.21035401897294	546.10086376433	0.0000000000000
24.010000000000	0.63613300506672	-0.21377829327010	545.96407913897	0.0000000000000
24.016000000000	0.63484701173272	-0.21719432331517	545.82729451362	0.0000000000000
24.022000000000	0.63354296344458	-0.22060201641951	545.69050988826	0.0000000000000
24.028000000000	0.63222091572629	-0.22400128025456	545.55372526290	0.0000000000000
24.034000000000	0.63088092454894	-0.22739202285392	545.41694063755	0.0000000000000
24.040000000000	0.62952304632854	-0.23077415261528	545.28015601219	0.0000000000000
24.046000000000	0.62814733792374	-0.23414757830245	545.14337138684	0.0000000000000
24.052000000000	0.62675385663365	-0.23751220904732	545.00658676148	0.0000000000000
24.058000000000	0.62534266019554	-0.24086795435185	544.86980213612	0.0000000000000
24.064000000000	0.62391380678258	-0.24421472408998	544.73301751077	0.0000000000000
24.070000000000	0.62246735500165	-0.24755242850963	544.59623288541	0.0000000000000
24.076000000000	0.62100336389096	-0.25088097823456	544.45944826006	0.0000000000000
24.082000000000	0.61952189291786	-0.25420028426635	544.32266363470	0.0000000000000
24.088000000000	0.61802300197650	-0.25751025798626	544.18587900935	0.0000000000000
24.094000000000	0.61650675138554	-0.26081081115713	544.04909438399	0.0000000000000
24.100000000000	0.61497320188587	-0.26410185592528	543.91230975863	0.0000000000000
24.106000000000	0.61342241463825	-0.26738330482237	543.77552513328	0.0000000000000
24.112000000000	0.61185445122105	-0.27065507076721	543.63874050792	0.0000000000000
24.118000000000	0.61026937362787	-0.27391706706768	543.50195588257	0.0000000000000
24.124000000000	0.60866724426521	-0.27716920742249	543.36517125721	0.0000000000000
24.130000000000	0.60704812595017	-0.28041140592302	543.22838663186	0.0000000000000
24.136000000000	0.60541208190804	-0.28364357705515	543.09160200650	0.0000000000000
24.142000000000	0.60375917576997	-0.28686563570099	542.95481738114	0.0000000000000
24.148000000000	0.60208947157060	-0.29007749714071	542.81803275579	0.0000000000000
24.154000000000	0.60040303374569	-0.29327907705431	542.68124813043	0.0000000000000
24.160000000000	0.59869992712973	-0.29647029152330	542.54446350508	0.0000000000000
24.166000000000	0.59698021695355	-0.29965105703252	542.40767887972	0.0000000000000
24.172000000000	0.59524396884193	-0.30282129047184	542.27089425436	0.0000000000000
24.178000000000	0.59349124881119	-0.30598090913784	542.13410962901	0.0000000000000
24.184000000000	0.59172212326679	-0.30912983073556	541.99732500365	0.0000000000000
24.190000000000	0.58993665900088	-0.31226797338014	541.86054037830	0.0000000000000
24.196000000000	0.58813492318994	-0.31539525559853	541.72375575294	0.0000000000000
24.202000000000	0.58631698339227	-0.31851159633113	541.58697112759	0.0000000000000
24.208000000000	0.58448290754560	-0.32161691493345	541.45018650223	0.0000000000000
24.214000000000	0.58263276396465	-0.32471113117772	541.31340187687	0.0000000000000
24.220000000000	0.58076662133863	-0.32779416525454	541.17661725152	0.0000000000000
24.226000000000	0.57888454872883	-0.33086593777447	541.03983262616	0.0000000000000
24.232000000000	0.57698661556614	-0.33392636976963	540.90304800081	0.0000000000000
24.238000000000	0.57507289164856	-0.33697538269525	540.76626337545	0.0000000000000
24.244000000000	0.57314344713874	-0.34001289843129	540.62947875009	0.0000000000000
24.250000000000	0.57119835256148	-0.34303883928396	540.49269412474	0.0000000000000
24.256000000000	0.56923767880126	-0.34605312798726	540.35590949938	0.0000000000000
24.262000000000	0.56726149709972	-0.34905568770451	540.21912487403	0.0000000000000
24.268000000000	0.56526987905318	-0.35204644202986	540.08234024867	0.0000000000000
24.274000000000	0.56326289661009	-0.35502531498978	539.94555562332	0.0000000000000
24.280000000000	0.56124062206856	-0.35799223104459	539.80877099796	0.0000000000000
24.286000000000	0.55920312807381	-0.36094711508985	539.67198637260	0.0000000000000
24.292000000000	0.55715048761564	-0.36388989245790	539.53520174725	0.0000000000000
24.298000000000	0.55508277402591	-0.36682048891924	539.39841712189	0.0000000000000
24.304000000000	0.55300006097600	-0.36973883068400	539.26163249654	0.0000000000000
24.310000000000	0.55090242247425	-0.37264484440334	539.12484787118	0.0000000000000
24.316000000000	0.54878993286342	-0.37553845717083	538.98806324582	0.0000000000000
24.322000000000	0.54666266681812	-0.37841959652389	538.85127862047	0.0000000000000
24.328000000000	0.54452069934227	-0.38128819044512	538.71449399511	0.0000000000000
24.334000000000	0.54236410576651	-0.38414416736366	538.57770936976	0.0000000000000
24.340000000000	0.54019296174565	-0.38698745615658	538.44092474440	0.0000000000000
24.346000000000	0.53800734325607	-0.38981798615013	538.30414011905	0.0000000000000
24.352000000000	0.53580732659314	-0.39263568712116	538.16735549369	0.0000000000000
24.358000000000	0.53359298836864	-0.39544048929833	538.03057086833	0.0000000000000
24.364000000000	0.53136440550816	-0.39823232336345	537.89378624298	0.0000000000000
24.370000000000	0.52912165524851	-0.40101112045276	537.75700161762	0.0000000000000
24.376000000000	0.52686481513510	-0.40377681215814	537.62021699227	0.0000000000000
24.382000000000	0.52459396301934	-0.40652933052841	537.48343236691	0.0000000000000
24.388000000000	0.52230917705605	-0.40926860807054	537.34664774155	0.0000000000000
24.394000000000	0.52001053570079	-0.41199457775087	537.20986311620	0.0000000000000
24.400000000000	0.51769811770728	-0.41470717299630	537.07307849084	0.0000000000000
24.406000000000	0.51537200212477	-0.41740632769550	536.93629386549	0.0000000000000
24.412000000000	0.51303226829538	-0.42009197620008	536.79950924013	0.0000000000000
24.418000000000	0.51067899585151	-0.42276405332573	536.66272461478	0.0000000000000
24.424000000000	0.50831226471315	-0.42542249435338	536.52593998942	0.0000000000000
24.430000000000	0.50593215508528	-0.42806723503035	536.38915536406	0.0000000000000
24.436000000000	0.50353874745517	-0.43069821157143	536.25237073871	0.0000000000000
24.442000000000	0.50113212258980	-0.43331536066001	536.11558611335	0.0000000000000
24.448000000000	0.49871236153313	-0.43591861944914	535.97880148800	0.0000000000000
24.454000000000	0.49627954560350	-0.43850792556264	535.84201686264	0.0000000000000
24.460000000000	0.49383375639092	-0.44108321709613	535.70523223729	0.0000000000000
24.466000000000	0.49137507575442	-0.44364443261807	535.56844761193	0.0000000000000
24.472000000000	0.48890358581941	-0.44619151117081	535.43166298657	0.0000000000000
24.478000000000	0.48641936897495	-0.44872439227161	535.29487836122	0.0000000000000
24.484000000000	0.48392250787109	-0.45124301591359	535.15809373586	0.0000000000000
24.490000000000	0.48141308541624	-0.45374732256679	535.02130911051	0.0000000000000
24.496000000000	0.47889118477440	-0.45623725317906	534.88452448515	0.0000000000000
24.502000000000	0.47635688936253	-0.45871274917708	534.74773985979	0.0000000000000
24.508000000000	0.47381028284786	-0.46117375246726	534.61095523444	0.0000000000000
24.514000000000	0.47125144914515	-0.46362020543672	534.47417060908	0.0000000000000
24.520000000000	0.46868047241404	-0.46605205095410	534.33738598373	0.0000000000000
24.526000000000	0.46609743705635	-0.46846923237058	534.20060135837	0.0000000000000
24.532000000000	0.46350242771332	-0.47087169352067	534.06381673302	0.0000000000000
24.538000000000	0.46089552926299	-0.47325937872312	533.92703210766	0.0000000000000
24.544000000000	0.45827682681742	-0.47563223278174	533.79024748230	0.0000000000000
24.550000000000	0.45564640572002	-0.47799020098630	533.65346285695	0.0000000000000
24.556000000000	0.45300435154282	-0.48033322911326	533.51667823159	0.0000000000000
24.562000000000	0.45035075008377	-0.48266126342667	533.37989360624	0.0000000000000
24.568000000000	0.44768568736399	-0.48497425067891	533.24310898088	0.0000000000000
24.574000000000	0.44500924962510	-0.48727213811146	533.10632435552	0.0000000000000
24.580000000000	0.44232152332647	-0.48955487345570	532.96953973017	0.0000000000000
24.586000000000	0.43962259514247	-0.49182240493363	532.83275510481	0.0000000000000
24.592000000000	0.43691255195982	-0.49407468125864	532.69597047946	0.0000000000000
24.598000000000	0.43419148087477	-0.49631165163616	532.55918585410	0.0000000000000
24.604000000000	0.43145946919045	-0.49853326576443	532.42240122875	0.0000000000000
24.610000000000	0.42871660441408	-0.50073947383516	532.28561660339	0.0000000000000
24.616000000000	0.42596297425430	-0.50293022653422	532.14883197803	0.0000000000000
24.622000000000	0.42319866661836	-0.50510547504226	532.01204735268	0.0000000000000
24.628000000000	0.42042376960945	-0.50726517103539	531.87526272732	0.0000000000000
24.634000000000	0.41763837152395	-0.50940926668581	531.73847810197	0.0000000000000
24.640000000000	0.41484256084865	-0.51153771466240	531.60169347661	0.0000000000000
24.646000000000	0.41203642625806	-0.51365046813134	531.46490885126	0.0000000000000
24.652000000000	0.40922005661166	-0.51574748075667	531.32812422590	0.0000000000000
24.658000000000	0.40639354095114	-0.51782870670090	531.19133960054	0.0000000000000
24.664000000000	0.40355696849769	-0.51989410062552	531.05455497519	0.0000000000000
24.670000000000	0.40071042864921	-0.52194361769157	530.91777034983	0.0000000000000
24.676000000000	0.39785401097763	-0.52397721356014	530.78098572448	0.0000000000000
24.682000000000	0.39498780522610	-0.52599484439290	530.64420109912	0.0000000000000
24.688000000000	0.39211190130630	-0.52799646685259	530.50741647376	0.0000000000000
24.694000000000	0.38922638929566	-0.52998203810349	530.37063184841	0.0000000000000
24.700000000000	0.38633135943464	-0.53195151581190	530.23384722305	0.0000000000000
24.706000000000	0.38342690212397	-0.53390485814658	530.09706259770	0.0000000000000
24.712000000000	0.38051310792191	-0.53584202377918	529.96027797234	0.0000000000000
24.718000000000	0.37759006754149	-0.53776297188467	529.82349334699	0.0000000000000
24.724000000000	0.37465787184780	-0.53966766214174	529.68670872163	0.0000000000000
24.730000000000	0.37171661185520	-0.54155605473321	529.54992409627	0.0000000000000
24.736000000000	0.36876637872462	-0.54342811034635	529.41313947092	0.0000000000000
24.742000000000	0.36580726376076	-0.54528379017332	529.27635484556	0.0000000000000
24.748000000000	0.36283935840942	-0.54712305591144	529.13957022021	0.0000000000000
24.754000000000	0.35986275425467	-0.54894586976359	529.00278559485	0.0000000000000
24.760000000000	0.35687754301619	-0.55075219443846	528.86600096949	0.0000000000000
24.766000000000	0.35388381654646	-0.55254199315091	528.72921634414	0.0000000000000
24.772000000000	0.35088166682804	-0.55431522962220	528.59243171878	0.0000000000000
24.778000000000	0.34787118597087	-0.55607186808032	528.45564709343	0.0000000000000
24.784000000000	0.34485246620946	-0.55781187326021	528.31886246807	0.0000000000000
24.790000000000	0.34182559990019	-0.55953521040400	528.18207784272	0.0000000000000
24.796000000000	0.33879067951857	-0.56124184526127	528.04529321736	0.0000000000000
24.802000000000	0.33574779765650	-0.56293174408921	527.90850859200	0.0000000000000
24.808000000000	0.33269704701952	-0.56460487365289	527.77172396665	0.0000000000000
24.814000000000	0.32963852042410	-0.56626120122538	527.63493934129	0.0000000000000
24.820000000000	0.32657231079489	-0.56790069458793	527.49815471594	0.0000000000000
24.826000000000	0.32349851116197	-0.56952332203018	527.36137009058	0.0000000000000
24.832000000000	0.32041721465817	-0.57112905235020	527.22458546522	0.0000000000000
24.838000000000	0.31732851451630	-0.57271785485473	527.08780083987	0.0000000000000
24.844000000000	0.31423250406643	-0.57428969935918	526.95101621451	0.0000000000000
24.850000000000	0.31112927673317	-0.57584455618782	526.81423158916	0.0000000000000
24.856000000000	0.30801892603294	-0.57738239617379	526.67744696380	0.0000000000000
24.862000000000	0.30490154557127	-0.57890319065921	526.54066233845	0.0000000000000
24.868000000000	0.30177722904006	-0.58040691149521	526.40387771309	0.0000000000000
24.874000000000	0.29864607021485	-0.58189353104200	526.26709308773	0.0000000000000
24.880000000000	0.29550816295215	-0.58336302216884	526.13030846238	0.0000000000000
24.886000000000	0.29236360118667	-0.58481535825410	525.99352383702	0.0000000000000
24.892000000000	0.28921247892866	-0.58625051318522	525.85673921167	0.0000000000000
24.898000000000	0.28605489026118	-0.58766846135871	525.71995458631	0.0000000000000
24.904000000000	0.28289092933739	-0.58906917768012	525.58316996096	0.0000000000000
24.910000000000	0.27972069037785	-0.59045263756397	525.44638533560	0.0000000000000
24.916000000000	0.27654426766784	-0.59181881693370	525.30960071024	0.0000000000000
24.922000000000	0.27336175555463	-0.59316769222159	525.17281608489	0.0000000000000
24.928000000000	0.27017324844480	-0.59449924036870	525.03603145953	0.0000000000000
24.934000000000	0.26697884080157	-0.59581343882469	524.89924683418	0.0000000000000
24.940000000000	0.26377862714208	-0.59711026554778	524.76246220882	0.0000000000000
24.946000000000	0.26057270203472	-0.59838969900458	524.62567758346	0.0000000000000
24.952000000000	0.25736116009644	-0.59965171816994	524.48889295811	0.0000000000000
24.958000000000	0.25414409599009	-0.60089630252679	524.35210833275	0.0000000000000
24.964000000000	0.25092160442172	-0.60212343206598	524.21532370740	0.0000000000000
24.970000000000	0.24769378013792	-0.60333308728607	524.07853908204	0.0000000000000
24.976000000000	0.24446071792316	-0.60452524919315	523.94175445669	0.0000000000000
24.982000000000	0.24122251259712	-0.60569989930058	523.80496983133	0.0000000000000
24.988000000000	0.23797925901201	-0.60685701962882	523.66818520597	0.0000000000000
24.994000000000	0.23473105204995	-0.60799659270512	523.53140058062	0.0000000000000
25.000000000000	0.23147798662028	-0.60911860156333	523.39461595526	0.0000000000000
25.006000000000	0.22824188181575	-0.61021489170638	523.29502371080	0.0000000000000
25.012000000000	0.22500118567103	-0.61129381674008	523.19543146634	0.0000000000000
25.018000000000	0.22175599129260	-0.61235536170174	523.09583922188	0.0000000000000
25.024000000000	0.21850639180145	-0.61339951212069	522.99624697741	0.0000000000000
25.030000000000	0.21525248033065	-0.61442625401791	522.89665473295	0.0000000000000
25.036000000000	0.21199435002269	-0.61543557390571	522.79706248849	0.0000000000000
25.042000000000	0.20873209402704	-0.61642745878737	522.69747024403	0.0000000000000
25.048000000000	0.20546580549754	-0.61740189615674	522.59787799957	0.0000000000000
25.054000000000	0.20219557758996	-0.61835887399791	522.49828575510	0.0000000000000
25.060000000000	0.19892150345938	-0.61929838078477	522.39869351064	0.0000000000000
25.066000000000	0.19564367625775	-0.62022040548066	522.29910126618	0.0000000000000
25.072000000000	0.19236218913134	-0.62112493753785	522.19950902172	0.0000000000000
25.078000000000	0.18907713521824	-0.62201196689722	522.09991677725	0.0000000000000
25.084000000000	0.18578860764586	-0.62288148398775	522.00032453279	0.0000000000000
25.090000000000	0.18249669952840	-0.62373347972606	521.90073228833	0.0000000000000
25.096000000000	0.17920150396443	-0.62456794551596	521.80114004387	0.0000000000000
25.102000000000	0.17590311403430	-0.62538487324796	521.70154779941	0.0000000000000
25.108000000000	0.17260162279774	-0.62618425529879	521.60195555494	0.0000000000000
25.114000000000	0.16929712329135	-0.62696608453086	521.50236331048	0.0000000000000
25.120000000000	0.16598970852611	-0.62773035429174	521.40277106602	0.0000000000000
25.126000000000	0.16267947148494	-0.62847705841366	521.30317882156	0.0000000000000
25.132000000000	0.15936650512021	-0.62920619121295	521.20358657710	0.0000000000000
25.138000000000	0.15605090235132	-0.62991774748946	521.10399433263	0.0000000000000
25.144000000000	0.15273275606221	-0.63061172252602	521.00440208817	0.0000000000000
25.150000000000	0.14941215909890	-0.63128811208782	520.90480984371	0.0000000000000
25.156000000000	0.14608920426713	-0.63194691242188	520.80521759925	0.0000000000000
25.162000000000	0.14276398432983	-0.63258812025636	520.70562535479	0.0000000000000
25.168000000000	0.13943659200474	-0.63321173280002	520.60603311032	0.0000000000000
25.174000000000	0.13610711996198	-0.63381774774152	520.50644086586	0.0000000000000
25.180000000000	0.13277566082161	-0.63440616324883	520.40684862140	0.0000000000000
25.186000000000	0.12944230715126	-0.63497697796855	520.30725637694	0.0000000000000
25.192000000000	0.12610715146368	-0.63553019102525	520.20766413248	0.0000000000000
25.198000000000	0.12277028621436	-0.63606580202080	520.10807188801	0.0000000000000
25.204000000000	0.11943180379913	-0.63658381103365	520.00847964355	0.0000000000000
25.210000000000	0.11609179655178	-0.63708421861816	519.90888739909	0.0000000000000
25.216000000000	0.11275035674167	-0.63756702580387	519.80929515463	0.0000000000000
25.222000000000	0.10940757657135	-0.63803223409479	519.70970291016	0.0000000000000
25.228000000000	0.10606354817419	-0.63847984546865	519.61011066570	0.0000000000000
25.234000000000	0.10271836361205	-0.63890986237614	519.51051842124	0.0000000000000
25.240000000000	0.099372114872853	-0.63932228774018	519.41092617678	0.0000000000000
25.246000000000	0.096024893868312	-0.63971712495514	519.31133393232	0.0000000000000
25.252000000000	0.092676792431530	-0.64009437788603	519.21174168785	0.0000000000000
25.258000000000	0.089327902314689	-0.64045405086776	519.11214944339	0.0000000000000
25.264000000000	0.085978315186713	-0.64079614870427	519.01255719893	0.0000000000000
25.270000000000	0.082628122630940	-0.64112067666777	518.91296495447	0.0000000000000
25.276000000000	0.079277416142811	-0.64142764049788	518.81337271001	0.0000000000000
25.282000000000	0.075926287127554	-0.64171704640081	518.71378046554	0.0000000000000
25.288000000000	0.072574826897883	-0.64198890104851	518.61418822108	0.0000000000000
25.294000000000	0.069223126671699	-0.64224321157778	518.51459597662	0.0000000000000
25.300000000000	0.065871277569801	-0.64247998558944	518.41500373216	0.0000000000000
25.306000000000	0.062519370613605	-0.64269923114743	518.31541148770	0.0000000000000
25.312000000000	0.059167496722861	-0.64290095677790	518.21581924323	0.0000000000000
25.318000000000	0.055815746713394	-0.64308517146836	518.11622699877	0.0000000000000
25.324000000000	0.052464211294834	-0.64325188466668	518.01663475431	0.0000000000000
25.330000000000	0.049112981068366	-0.64340110628026	517.91704250985	0.0000000000000
25.336000000000	0.045762146524477	-0.64353284667504	517.81745026539	0.0000000000000
25.342000000000	0.042411798040722	-0.64364711667454	517.71785802092	0.0000000000000
25.348000000000	0.039062025879491	-0.64374392755895	517.61826577646	0.0000000000000
25.354000000000	0.035712920185779	-0.64382329106415	517.51867353200	0.0000000000000
25.360000000000	0.032364570984970	-0.64388521938070	517.41908128754	0.0000000000000
25.366000000000	0.029017068180629	-0.64392972515289	517.31948904307	0.0000000000000
25.372000000000	0.025670501552294	-0.64395682147774	517.21989679861	0.0000000000000
25.378000000000	0.022324960753286	-0.64396652190396	517.12030455415	0.0000000000000
25.384000000000	0.018980535308517	-0.64395884043099	517.02071230969	0.0000000000000
25.390000000000	0.015637314612310	-0.64393379150789	516.92112006523	0.0000000000000
25.396000000000	0.012295387926231	-0.64389139003240	516.82152782076	0.0000000000000
25.402000000000	0.0089548443769178	-0.64383165134980	516.72193557630	0.0000000000000
25.408000000000	0.0056157729539267	-0.64375459125193	516.62234333184	0.0000000000000
25.414000000000	0.0022782625075832	-0.64366022597606	516.52275108738	0.0000000000000
25.420000000000	-0.0010575982531608	-0.64354857220386	516.42315884292	0.0000000000000
25.426000000000	-0.0043917207628599	-0.64341964706028	516.32356659845	0.0000000000000
25.432000000000	-0.0077240166016980	-0.64327346811248	516.22397435399	0.0000000000000
25.438000000000	-0.011054397497615	-0.64311005336872	516.12438210953	0.0000000000000
25.444000000000	-0.014382775328403	-0.64292942127721	516.02478986507	0.0000000000000
25.450000000000	-0.017709062123819	-0.64273159072504	515.92519762061	0.0000000000000
25.456000000000	-0.021033170067672	-0.64251658103700	515.82560537614	0.0000000000000
25.462000000000	-0.024355011499912	-0.64228441197447	515.72601313168	0.0000000000000
25.468000000000	-0.027674498918705	-0.64203510373424	515.62642088722	0.0000000000000
25.474000000000	-0.030991544982502	-0.64176867694738	515.52682864276	0.0000000000000
25.480000000000	-0.034306062512101	-0.64148515267802	515.42723639830	0.0000000000000
25.486000000000	-0.037617964492701	-0.64118455242224	515.32764415383	0.0000000000000
25.492000000000	-0.040927164075939	-0.64086689810680	515.22805190937	0.0000000000000
25.498000000000	-0.044233574581936	-0.64053221208801	515.12845966491	0.0000000000000
25.504000000000	-0.047537109501317	-0.64018051715049	515.02886742045	0.0000000000000
25.510000000000	-0.050837682497233	-0.63981183650597	514.92927517598	0.0000000000000
25.516000000000	-0.054135207407369	-0.63942619379203	514.82968293152	0.0000000000000
25.522000000000	-0.057429598245956	-0.63902361307093	514.73009068706	0.0000000000000
25.528000000000	-0.060720769205748	-0.63860411882831	514.63049844260	0.0000000000000
25.534000000000	-0.064008634660022	-0.63816773597196	514.53090619814	0.0000000000000
25.540000000000	-0.067293109164546	-0.63771448983056	514.43131395367	0.0000000000000
25.546000000000	-0.070574107459551	-0.63724440615245	514.33172170921	0.0000000000000
25.552000000000	-0.073851544471691	-0.63675751110428	514.23212946475	0.0000000000000
25.558000000000	-0.077125335315990	-0.63625383126978	514.13253722029	0.0000000000000
25.564000000000	-0.080395395297788	-0.63573339364846	514.03294497583	0.0000000000000
25.570000000000	-0.083661639914673	-0.63519622565429	513.93335273136	0.0000000000000
25.576000000000	-0.086923984858403	-0.63464235511443	513.83376048690	0.0000000000000
25.582000000000	-0.090182346016829	-0.63407181026787	513.73416824244	0.0000000000000
25.588000000000	-0.093436639475794	-0.63348461976412	513.63457599798	0.0000000000000
25.594000000000	-0.096686781521038	-0.63288081266190	513.53498375352	0.0000000000000
25.600000000000	-0.099932688640081	-0.63226041842776	513.43539150905	0.0000000000000
25.606000000000	-0.10317427752411	-0.63162346693476	513.33579926459	0.0000000000000
25.612000000000	-0.10641146506986	-0.63096998846112	513.23620702013	0.0000000000000
25.618000000000	-0.10964416838143	-0.63030001368883	513.13661477567	0.0000000000000
25.624000000000	-0.11287230477222	-0.62961357370229	513.03702253121	0.0000000000000
25.630000000000	-0.11609579176669	-0.62891069998694	512.93743028674	0.0000000000000
25.636000000000	-0.11931454710226	-0.62819142442785	512.83783804228	0.0000000000000
25.642000000000	-0.12252848873109	-0.62745577930837	512.73824579782	0.0000000000000
25.648000000000	-0.12573753482194	-0.62670379730867	512.63865355336	0.0000000000000
25.654000000000	-0.12894160376194	-0.62593551150439	512.53906130889	0.0000000000000
25.660000000000	-0.13214061415844	-0.62515095536516	512.43946906443	0.0000000000000
25.666000000000	-0.13533448484073	-0.62435016275326	512.33987681997	0.0000000000000
25.672000000000	-0.13852313486190	-0.62353316792209	512.24028457551	0.0000000000000
25.678000000000	-0.14170648350054	-0.62270000551482	512.14069233105	0.0000000000000
25.684000000000	-0.14488445026256	-0.62185071056291	512.04110008658	0.0000000000000
25.690000000000	-0.14805695488293	-0.62098531848463	511.94150784212	0.0000000000000
25.696000000000	-0.15122391732740	-0.62010386508366	511.84191559766	0.0000000000000
25.702000000000	-0.15438525779427	-0.61920638654757	511.74232335320	0.0000000000000
25.708000000000	-0.15754089671610	-0.61829291944640	511.64273110874	0.0000000000000
25.714000000000	-0.16069075476141	-0.61736350073114	511.54313886427	0.0000000000000
25.720000000000	-0.16383475283644	-0.61641816773224	511.44354661981	0.0000000000000
25.726000000000	-0.16697281208679	-0.61545695815816	511.34395437535	0.0000000000000
25.732000000000	-0.17010485389917	-0.61447991009385	511.24436213089	0.0000000000000
25.738000000000	-0.17323079990302	-0.61348706199923	511.14476988643	0.0000000000000
25.744000000000	-0.17635057197222	-0.61247845270768	511.04517764196	0.0000000000000
25.750000000000	-0.17946409222676	-0.61145412142456	510.94558539750	0.0000000000000
25.756000000000	-0.18257128303435	-0.61041410772565	510.84599315304	0.0000000000000
25.762000000000	-0.18567206701211	-0.60935845155561	510.74640090858	0.0000000000000
25.768000000000	-0.18876636702818	-0.60828719322647	510.64680866412	0.0000000000000
25.774000000000	-0.19185410620334	-0.60720037341610	510.54721641965	0.0000000000000
25.780000000000	-0.19493520791265	-0.60609803316662	510.44762417519	0.0000000000000
25.786000000000	-0.19800959578703	-0.60498021388285	510.34803193073	0.0000000000000
25.792000000000	-0.20107719371489	-0.60384695733079	510.24843968627	0.0000000000000
25.798000000000	-0.20413792584367	-0.60269830563602	510.14884744181	0.0000000000000
25.804000000000	-0.20719171658147	-0.60153430128213	510.04925519734	0.0000000000000
25.810000000000	-0.21023849059857	-0.60035498710914	509.94966295288	0.0000000000000
25.816000000000	-0.21327817282904	-0.59916040631193	509.85007070842	0.0000000000000
25.822000000000	-0.21631068847224	-0.59795060243865	509.75047846396	0.0000000000000
25.828000000000	-0.21933596299440	-0.59672561938908	509.65088621949	0.0000000000000
25.834000000000	-0.22235392213013	-0.59548550141311	509.55129397503	0.0000000000000
25.840000000000	-0.22536449188395	-0.59423029310907	509.45170173057	0.0000000000000
25.846000000000	-0.22836759853181	-0.59296003942211	509.35210948611	0.0000000000000
25.852000000000	-0.23136316862257	-0.59167478564266	509.25251724165	0.0000000000000
25.858000000000	-0.23435112897950	-0.59037457740472	509.15292499718	0.0000000000000
25.864000000000	-0.23733140670180	-0.58905946068427	509.05333275272	0.0000000000000
25.870000000000	-0.24030392916602	-0.58772948179765	508.95374050826	0.0000000000000
25.876000000000	-0.24326862402756	-0.58638468739990	508.85414826380	0.0000000000000
25.882000000000	-0.24622541922212	-0.58502512448311	508.75455601934	0.0000000000000
25.888000000000	-0.24917424296714	-0.58365084037481	508.65496377487	0.0000000000000
25.894000000000	-0.25211502376323	-0.58226188273627	508.55537153041	0.0000000000000
25.900000000000	-0.25504769039564	-0.58085829956087	508.45577928595	0.0000000000000
25.906000000000	-0.25797217193560	-0.57944013917242	508.35618704149	0.0000000000000
25.912000000000	-0.26088839774182	-0.57800745022353	508.25659479703	0.0000000000000
25.918000000000	-0.26379629746180	-0.57656028169387	508.15700255256	0.0000000000000
25.924000000000	-0.26669580103330	-0.57509868288854	508.05741030810	0.0000000000000
25.930000000000	-0.26958683868565	-0.57362270343641	507.95781806364	0.0000000000000
25.936000000000	-0.27246934094118	-0.57213239328835	507.85822581918	0.0000000000000
25.942000000000	-0.27534323861654	-0.57062780271562	507.75863357472	0.0000000000000
25.948000000000	-0.27820846282406	-0.56910898230814	507.65904133025	0.0000000000000
25.954000000000	-0.28106494497311	-0.56757598297278	507.55944908579	0.0000000000000
25.960000000000	-0.28391261677141	-0.56602885593168	507.45985684133	0.0000000000000
25.966000000000	-0.28675141022638	-0.56446765272052	507.36026459687	0.0000000000000
25.972000000000	-0.28958125764641	-0.56289242518682	507.26067235240	0.0000000000000
25.978000000000	-0.29240209164222	-0.56130322548822	507.16108010794	0.0000000000000
25.984000000000	-0.29521384512810	-0.55970010609072	507.06148786348	0.0000000000000
25.990000000000	-0.29801645132325	-0.55808311976704	506.96189561902	0.0000000000000
25.996000000000	-0.30080984375298	-0.55645231959479	506.86230337456	0.0000000000000
26.002000000000	-0.30359395625008	-0.55480775895482	506.76271113009	0.0000000000000
26.008000000000	-0.30636872295599	-0.55314949152942	506.66311888563	0.0000000000000
26.014000000000	-0.30913407832206	-0.55147757130061	506.56352664117	0.0000000000000
26.020000000000	-0.31188995711085	-0.54979205254839	506.46393439671	0.0000000000000
26.026000000000	-0.31463629439727	-0.54809298984896	506.36434215225	0.0000000000000
26.032000000000	-0.31737302556986	-0.54638043807304	506.26474990778	0.0000000000000
26.038000000000	-0.32010008633200	-0.54465445238401	506.16515766332	0.0000000000000
26.044000000000	-0.32281741270305	-0.54291508823624	506.06556541886	0.0000000000000
26.050000000000	-0.32552494101963	-0.54116240137326	505.96597317440	0.0000000000000
26.056000000000	-0.32822260793672	-0.53939644782605	505.86638092994	0.0000000000000
26.062000000000	-0.33091035042888	-0.53761728391121	505.76678868547	0.0000000000000
26.068000000000	-0.33358810579140	-0.53582496622921	505.66719644101	0.0000000000000
26.074000000000	-0.33625581164143	-0.53401955166262	505.56760419655	0.0000000000000
26.080000000000	-0.33891340591918	-0.53220109737432	505.46801195209	0.0000000000000
26.086000000000	-0.34156082688899	-0.53036966080571	505.36841970762	0.0000000000000
26.092000000000	-0.34419801314049	-0.52852529967492	505.26882746316	0.0000000000000
26.098000000000	-0.34682490358972	-0.52666807197502	505.16923521870	0.0000000000000
26.104000000000	-0.34944143748021	-0.52479803597222	505.06964297424	0.0000000000000
26.110000000000	-0.35204755438411	-0.52291525020408	504.97005072978	0.0000000000000
26.116000000000	-0.35464319420322	-0.52101977347771	504.87045848531	0.0000000000000
26.122000000000	-0.35722829717016	-0.51911166486793	504.77086624085	0.0000000000000
26.128000000000	-0.35980280384934	-0.51719098371553	504.67127399639	0.0000000000000
26.134000000000	-0.36236665513809	-0.51525778962539	504.57168175193	0.0000000000000
26.140000000000	-0.36491979226767	-0.51331214246468	504.47208950747	0.0000000000000
26.146000000000	-0.36746215680433	-0.51135410236109	504.37249726300	0.0000000000000
26.152000000000	-0.36999369065033	-0.50938372970095	504.27290501854	0.0000000000000
26.158000000000	-0.37251433604497	-0.50740108512744	504.17331277408	0.0000000000000
26.164000000000	-0.37502403556560	-0.50540622953876	504.07372052962	0.0000000000000
26.170000000000	-0.37752273212862	-0.50339922408629	503.97412828516	0.0000000000000
26.176000000000	-0.38001036899048	-0.50138013017278	503.87453604069	0.0000000000000
26.182000000000	-0.38248688974866	-0.49934900945047	503.77494379623	0.0000000000000
26.188000000000	-0.38495223834263	-0.49730592381933	503.67535155177	0.0000000000000
26.194000000000	-0.38740635905487	-0.49525093542515	503.57575930731	0.0000000000000
26.200000000000	-0.38984919651174	-0.49318410665771	503.47616706285	0.0000000000000
26.206000000000	-0.39228069568452	-0.49110550014899	503.37657481838	0.0000000000000
26.212000000000	-0.39470080189028	-0.48901517877124	503.27698257392	0.0000000000000
26.218000000000	-0.39710946079283	-0.48691320563522	503.17739032946	0.0000000000000
26.224000000000	-0.39950661840366	-0.48479964408826	503.07779808500	0.0000000000000
26.230000000000	-0.40189222108282	-0.48267455771248	502.97820584053	0.0000000000000
26.236000000000	-0.40426621553984	-0.48053801032288	502.87861359607	0.0000000000000
26.242000000000	-0.40662854883463	-0.47839006596551	502.77902135161	0.0000000000000
26.248000000000	-0.40897916837833	-0.47623078891562	502.67942910715	0.0000000000000
26.254000000000	-0.41131802193421	-0.47406024367576	502.57983686269	0.0000000000000
26.260000000000	-0.41364505761852	-0.47187849497394	502.48024461822	0.0000000000000
26.266000000000	-0.41596022390139	-0.46968560776176	502.38065237376	0.0000000000000
26.272000000000	-0.41826346960760	-0.46748164721254	502.28106012930	0.0000000000000
26.278000000000	-0.42055474391747	-0.46526667871945	502.18146788484	0.0000000000000
26.284000000000	-0.42283399636769	-0.46304076789363	502.08187564038	0.0000000000000
26.290000000000	-0.42510117685211	-0.46080398056231	501.98228339591	0.0000000000000
26.296000000000	-0.42735623562256	-0.45855638276696	501.88269115145	0.0000000000000
26.302000000000	-0.42959912328966	-0.45629804076139	501.78309890699	0.0000000000000
26.308000000000	-0.43182979082363	-0.45402902100984	501.68350666253	0.0000000000000
26.314000000000	-0.43404818955501	-0.45174939018518	501.58391441807	0.0000000000000
26.320000000000	-0.43625427117550	-0.44945921516693	501.48432217360	0.0000000000000
26.326000000000	-0.43844798773869	-0.44715856303944	501.38472992914	0.0000000000000
26.332000000000	-0.44062929166082	-0.44484750108997	501.28513768468	0.0000000000000
26.338000000000	-0.44279813572154	-0.44252609680683	501.18554544022	0.0000000000000
26.344000000000	-0.44495447306463	-0.44019441787744	501.08595319576	0.0000000000000
26.350000000000	-0.44709825719872	-0.43785253218649	500.98636095129	0.0000000000000
26.356000000000	-0.44922944199805	-0.43550050781400	500.88676870683	0.0000000000000
26.362000000000	-0.45134798170315	-0.43313841303347	500.78717646237	0.0000000000000
26.368000000000	-0.45345383092153	-0.43076631630992	500.68758421791	0.0000000000000
26.374000000000	-0.45554694462840	-0.42838428629807	500.58799197345	0.0000000000000
26.380000000000	-0.45762727816735	-0.42599239184037	500.48839972898	0.0000000000000
26.386000000000	-0.45969478725100	-0.42359070196514	500.38880748452	0.0000000000000
26.392000000000	-0.46174942796170	-0.42117928588464	500.28921524006	0.0000000000000
26.398000000000	-0.46379115675216	-0.41875821299319	500.18962299560	0.0000000000000
26.404000000000	-0.46581993044611	-0.41632755286524	500.09003075113	0.0000000000000
26.410000000000	-0.46783570623892	-0.41388737525348	499.99043850667	0.0000000000000
26.416000000000	-0.46983844169828	-0.41143775008693	499.89084626221	0.0000000000000
26.422000000000	-0.47182809476476	-0.40897874746902	499.79125401775	0.0000000000000
26.428000000000	-0.47380462375246	-0.40651043767569	499.69166177329	0.0000000000000
26.434000000000	-0.47576798734959	-0.40403289115346	499.59206952882	0.0000000000000
26.440000000000	-0.47771814461910	-0.40154617851754	499.49247728436	0.0000000000000
26.446000000000	-0.47965505499923	-0.39905037054991	499.39288503990	0.0000000000000
26.452000000000	-0.48157867830409	-0.39654553819739	499.29329279544	0.0000000000000
26.458000000000	-0.48348897472427	-0.39403175256973	499.19370055098	0.0000000000000
26.464000000000	-0.48538590482733	-0.39150908493770	499.09410830651	0.0000000000000
26.470000000000	-0.48726942955841	-0.38897760673118	498.99451606205	0.0000000000000
26.476000000000	-0.48913951024075	-0.38643738953720	498.89492381759	0.0000000000000
26.482000000000	-0.49099610857622	-0.38388850509808	498.79533157313	0.0000000000000
26.488000000000	-0.49283918664584	-0.38133102530944	498.69573932867	0.0000000000000
26.494000000000	-0.49466870691030	-0.37876502221834	498.59614708420	0.0000000000000
26.500000000000	-0.49648463221050	-0.37619056802132	498.49655483974	0.0000000000000
26.506000000000	-0.49827823323846	-0.37361931697617	498.41827019792	0.0000000000000
26.512000000000	-0.50005828631375	-0.37103984269262	498.33998555611	0.0000000000000
26.518000000000	-0.50182475599266	-0.36845221685269	498.26170091429	0.0000000000000
26.524000000000	-0.50357760720685	-0.36585651127686	498.18341627247	0.0000000000000
26.530000000000	-0.50531680526386	-0.36325279792229	498.10513163066	0.0000000000000
26.536000000000	-0.50704231584748	-0.36064114888082	498.02684698884	0.0000000000000
26.542000000000	-0.50875410501823	-0.35802163637716	497.94856234702	0.0000000000000
26.548000000000	-0.51045213921376	-0.35539433276698	497.87027770521	0.0000000000000
26.554000000000	-0.51213638524927	-0.35275931053505	497.79199306339	0.0000000000000
26.560000000000	-0.51380681031790	-0.35011664229331	497.71370842157	0.0000000000000
26.566000000000	-0.51546338199116	-0.34746640077901	497.63542377976	0.0000000000000
26.572000000000	-0.51710606821928	-0.34480865885284	497.55713913794	0.0000000000000
26.578000000000	-0.51873483733161	-0.34214348949700	497.47885449612	0.0000000000000
26.584000000000	-0.52034965803701	-0.33947096581335	497.40056985431	0.0000000000000
26.590000000000	-0.52195049942415	-0.33679116102152	497.32228521249	0.0000000000000
26.596000000000	-0.52353733096195	-0.33410414845699	497.24400057067	0.0000000000000
26.602000000000	-0.52511012249986	-0.33141000156924	497.16571592886	0.0000000000000
26.608000000000	-0.52666884426823	-0.32870879391983	497.08743128704	0.0000000000000
26.614000000000	-0.52821346687864	-0.32600059918054	497.00914664522	0.0000000000000
26.620000000000	-0.52974396132420	-0.32328549113144	496.93086200341	0.0000000000000
26.626000000000	-0.53126029897988	-0.32056354365906	496.85257736159	0.0000000000000
26.632000000000	-0.53276245160283	-0.31783483075444	496.77429271977	0.0000000000000
26.638000000000	-0.53425039133265	-0.31509942651128	496.69600807796	0.0000000000000
26.644000000000	-0.53572409069167	-0.31235740512401	496.61772343614	0.0000000000000
26.650000000000	-0.53718352258528	-0.30960884088596	496.53943879432	0.0000000000000
26.656000000000	-0.53862866030216	-0.30685380818742	496.46115415251	0.0000000000000
26.662000000000	-0.54005947751456	-0.30409238151374	496.38286951069	0.0000000000000
26.668000000000	-0.54147594827853	-0.30132463544351	496.30458486887	0.0000000000000
26.674000000000	-0.54287804703422	-0.29855064464657	496.22630022706	0.0000000000000
26.680000000000	-0.54426574860607	-0.29577048388222	496.14801558524	0.0000000000000
26.686000000000	-0.54563902820307	-0.29298422799724	496.06973094342	0.0000000000000
26.692000000000	-0.54699786141896	-0.29019195192405	495.99144630161	0.0000000000000
26.698000000000	-0.54834222423246	-0.28739373067882	495.91316165979	0.0000000000000
26.704000000000	-0.54967209300750	-0.28458963935956	495.83487701797	0.0000000000000
26.710000000000	-0.55098744449334	-0.28177975314424	495.75659237616	0.0000000000000
26.716000000000	-0.55228825582488	-0.27896414728887	495.67830773434	0.0000000000000
26.722000000000	-0.55357450452271	-0.27614289712568	495.60002309252	0.0000000000000
26.728000000000	-0.55484616849339	-0.27331607806113	495.52173845071	0.0000000000000
26.734000000000	-0.55610322602957	-0.27048376557413	495.44345380889	0.0000000000000
26.740000000000	-0.55734565581013	-0.26764603521404	495.36516916707	0.0000000000000
26.746000000000	-0.55857343690037	-0.26480296259887	495.28688452526	0.0000000000000
26.752000000000	-0.55978654875214	-0.26195462341333	495.20859988344	0.0000000000000
26.758000000000	-0.56098497120395	-0.25910109340699	495.13031524162	0.0000000000000
26.764000000000	-0.56216868448112	-0.25624244839233	495.05203059981	0.0000000000000
26.770000000000	-0.56333766919588	-0.25337876424292	494.97374595799	0.0000000000000
26.776000000000	-0.56449190634750	-0.25051011689146	494.89546131617	0.0000000000000
26.782000000000	-0.56563137732237	-0.24763658232796	494.81717667436	0.0000000000000
26.788000000000	-0.56675606389411	-0.24475823659779	494.73889203254	0.0000000000000
26.794000000000	-0.56786594822362	-0.24187515579985	494.66060739072	0.0000000000000
26.800000000000	-0.56896101285920	-0.23898741608463	494.58232274891	0.0000000000000
26.806000000000	-0.57004124073662	-0.23609509365236	494.50403810709	0.0000000000000
26.812000000000	-0.57110661517912	-0.23319826475111	494.42575346527	0.0000000000000
26.818000000000	-0.57215711989753	-0.23029700567488	494.34746882346	0.0000000000000
26.824000000000	-0.57319273899028	-0.22739139276178	494.26918418164	0.0000000000000
26.830000000000	-0.57421345694344	-0.22448150239207	494.19089953982	0.0000000000000
26.836000000000	-0.57521925863074	-0.22156741098631	494.11261489801	0.0000000000000
26.842000000000	-0.57621012931363	-0.21864919500349	494.03433025619	0.0000000000000
26.848000000000	-0.57718605464124	-0.21572693093911	493.95604561437	0.0000000000000
26.854000000000	-0.57814702065040	-0.21280069532333	493.87776097256	0.0000000000000
26.860000000000	-0.57909301376567	-0.20987056471906	493.79947633074	0.0000000000000
26.866000000000	-0.58002402079926	-0.20693661572011	493.72119168892	0.0000000000000
26.872000000000	-0.58094002895108	-0.20399892494928	493.64290704711	0.0000000000000
26.878000000000	-0.58184102580868	-0.20105756905648	493.56462240529	0.0000000000000
26.884000000000	-0.58272699934719	-0.19811262471688	493.48633776347	0.0000000000000
26.890000000000	-0.58359793792931	-0.19516416862897	493.40805312166	0.0000000000000
26.896000000000	-0.58445383030527	-0.19221227751278	493.32976847984	0.0000000000000
26.902000000000	-0.58529466561270	-0.18925702810789	493.25148383802	0.0000000000000
26.908000000000	-0.58612043337665	-0.18629849717162	493.17319919621	0.0000000000000
26.914000000000	-0.58693112350945	-0.18333676147715	493.09491455439	0.0000000000000
26.920000000000	-0.58772672631064	-0.18037189781163	493.01662991257	0.0000000000000
26.926000000000	-0.58850723246689	-0.17740398297430	492.93834527076	0.0000000000000
26.932000000000	-0.58927263305190	-0.17443309377462	492.86006062894	0.0000000000000
26.938000000000	-0.59002291952627	-0.17145930703042	492.78177598712	0.0000000000000
26.944000000000	-0.59075808373739	-0.16848269956598	492.70349134531	0.0000000000000
26.950000000000	-0.59147811791934	-0.16550334821021	492.62520670349	0.0000000000000
26.956000000000	-0.59218301469273	-0.16252132979475	492.54692206167	0.0000000000000
26.962000000000	-0.59287276706455	-0.15953672115209	492.46863741986	0.0000000000000
26.968000000000	-0.59354736842805	-0.15654959911375	492.39035277804	0.0000000000000
26.974000000000	-0.59420681256258	-0.15356004050833	492.31206813622	0.0000000000000
26.980000000000	-0.59485109363339	-0.15056812215975	492.23378349441	0.0000000000000
26.986000000000	-0.59548020619150	-0.14757392088528	492.15549885259	0.0000000000000
26.992000000000	-0.59609414517350	-0.14457751349375	492.07721421077	0.0000000000000
26.998000000000	-0.59669290590135	-0.14157897678364	491.99892956896	0.0000000000000
27.004000000000	-0.59727648408219	-0.13857838754125	491.92064492714	0.0000000000000
27.010000000000	-0.59784487580815	-0.13557582253882	491.84236028532	0.0000000000000
27.016000000000	-0.59839807755611	-0.13257135853267	491.76407564351	0.0000000000000
27.022000000000	-0.59893608618751	-0.12956507226135	491.68579100169	0.0000000000000
27.028000000000	-0.59945889894808	-0.12655704044377	491.60750635987	0.0000000000000
27.034000000000	-0.59996651346764	-0.12354733977734	491.52922171806	0.0000000000000
27.040000000000	-0.60045892775984	-0.12053604693616	491.45093707624	0.0000000000000
27.046000000000	-0.60093614022190	-0.11752323856910	491.37265243442	0.0000000000000
27.052000000000	-0.60139814963434	-0.11450899129798	491.29436779261	0.0000000000000
27.058000000000	-0.60184495516075	-0.11149338171572	491.21608315079	0.0000000000000
27.064000000000	-0.60227655634747	-0.10847648638448	491.13779850897	0.0000000000000
27.070000000000	-0.60269295312332	-0.10545838183382	491.05951386716	0.0000000000000
27.076000000000	-0.60309414579931	-0.10243914455884	490.98122922534	0.0000000000000
27.082000000000	-0.60348013506831	-0.099418851018345	490.90294458352	0.0000000000000
27.088000000000	-0.60385092200481	-0.096397577632999	490.82465994171	0.0000000000000
27.094000000000	-0.60420650806450	-0.093375400783472	490.74637529989	0.0000000000000
27.100000000000	-0.60454689508405	-0.090352396808605	490.66809065807	0.0000000000000
27.106000000000	-0.60487208528067	-0.087328642003569	490.58980601626	0.0000000000000
27.112000000000	-0.60518208125187	-0.084304212618023	490.51152137444	0.0000000000000
27.118000000000	-0.60547688597503	-0.081279184854279	490.43323673262	0.0000000000000
27.124000000000	-0.60575650280708	-0.078253634865468	490.35495209081	0.0000000000000
27.130000000000	-0.60602093548412	-0.075227638753692	490.27666744899	0.0000000000000
27.136000000000	-0.60627018812107	-0.072201272568212	490.19838280717	0.0000000000000
27.142000000000	-0.60650426521124	-0.069174612303601	490.12009816536	0.0000000000000
27.148000000000	-0.60672317162598	-0.066147733897918	490.04181352354	0.0000000000000
27.154000000000	-0.60692691261427	-0.063120713230885	489.96352888172	0.0000000000000
27.160000000000	-0.60711549380229	-0.060093626122053	489.88524423991	0.0000000000000
27.166000000000	-0.60728892119305	-0.057066548328983	489.80695959809	0.0000000000000
27.172000000000	-0.60744720116592	-0.054039555545420	489.72867495627	0.0000000000000
27.178000000000	-0.60759034047624	-0.051012723399472	489.65039031446	0.0000000000000
27.184000000000	-0.60771834625482	-0.047986127451795	489.57210567264	0.0000000000000
27.190000000000	-0.60783122600758	-0.044959843193771	489.49382103082	0.0000000000000
27.196000000000	-0.60792898761501	-0.041933946045693	489.41553638901	0.0000000000000
27.202000000000	-0.60801163933176	-0.038908511354951	489.33725174719	0.0000000000000
27.208000000000	-0.60807918978613	-0.035883614394222	489.25896710538	0.0000000000000
27.214000000000	-0.60813164797962	-0.032859330359661	489.18068246356	0.0000000000000
27.220000000000	-0.60816902328643	-0.029835734369090	489.10239782174	0.0000000000000
27.226000000000	-0.60819132545297	-0.026812901460193	489.02411317992	0.0000000000000
27.232000000000	-0.60819856459732	-0.023790906588715	488.94582853811	0.0000000000000
27.238000000000	-0.60819075120878	-0.020769824626654	488.86754389629	0.0000000000000
27.244000000000	-0.60816789614730	-0.017749730360468	488.78925925447	0.0000000000000
27.250000000000	-0.60813001064295	-0.014730698489276	488.71097461266	0.0000000000000
27.256000000000	-0.60807710629541	-0.011712803623057	488.63268997084	0.0000000000000
27.262000000000	-0.60800919507342	-0.0086961202808633	488.55440532903	0.0000000000000
27.268000000000	-0.60792628931420	-0.0056807228890254	488.47612068721	0.0000000000000
27.274000000000	-0.60782840172292	-0.0026666857793662	488.39783604539	0.0000000000000
27.280000000000	-0.60771554537209	0.00034591681258870	488.31955140358	0.0000000000000
27.286000000000	-0.60758773370104	0.0033570107493930	488.24126676176	0.0000000000000
27.292000000000	-0.60744498051529	0.0063665219934638	488.16298211994	0.0000000000000
27.298000000000	-0.60728729998594	0.0093743766088579	488.08469747813	0.0000000000000
27.304000000000	-0.60711470664912	0.012380500763054	488.00641283631	0.0000000000000
27.310000000000	-0.60692721540535	0.015384820728723	487.92812819449	0.0000000000000
27.316000000000	-0.60672484151891	0.018387262885500	487.84984355268	0.0000000000000
27.322000000000	-0.60650760061722	0.021387753721764	487.77155891086	0.0000000000000
27.328000000000	-0.60627550869022	0.024386219836390	487.69327426904	0.0000000000000
27.334000000000	-0.60602858208971	0.027382587940526	487.61498962723	0.0000000000000
27.340000000000	-0.60576683752871	0.030376784859347	487.53670498541	0.0000000000000
27.346000000000	-0.60549069681154	0.033361335371136	487.46859205314	0.0000000000000
27.352000000000	-0.60519984564879	0.036343575783056	487.40047912088	0.0000000000000
27.358000000000	-0.60489430174582	0.039323433813144	487.33236618862	0.0000000000000
27.364000000000	-0.60457408316298	0.042300837299610	487.26425325635	0.0000000000000
27.370000000000	-0.60423920831491	0.045275714202558	487.19614032409	0.0000000000000
27.376000000000	-0.60388969596982	0.048247992605715	487.12802739182	0.0000000000000
27.382000000000	-0.60352556524887	0.051217600718151	487.05991445956	0.0000000000000
27.388000000000	-0.60314683562535	0.054184466875999	486.99180152730	0.0000000000000
27.394000000000	-0.60275352692406	0.057148519544169	486.92368859503	0.0000000000000
27.400000000000	-0.60234565932050	0.060109687318062	486.85557566277	0.0000000000000
27.406000000000	-0.60192325334021	0.063067898925280	486.78746273050	0.0000000000000
27.412000000000	-0.60148632985796	0.066023083227336	486.71934979824	0.0000000000000
27.418000000000	-0.60103491009706	0.068975169221354	486.65123686598	0.0000000000000
27.424000000000	-0.60056901562855	0.071924086041775	486.58312393371	0.0000000000000
27.430000000000	-0.60008866837047	0.074869762962052	486.51501100145	0.0000000000000
27.436000000000	-0.59959389058704	0.077812129396345	486.44689806918	0.0000000000000
27.442000000000	-0.59908470488795	0.080751114901217	486.37878513692	0.0000000000000
27.448000000000	-0.59856113422747	0.083686649177318	486.31067220466	0.0000000000000
27.454000000000	-0.59802320190375	0.086618662071075	486.24255927239	0.0000000000000
27.460000000000	-0.59747093155794	0.089547083576371	486.17444634013	0.0000000000000
27.466000000000	-0.59690434717339	0.092471843836230	486.10633340787	0.0000000000000
27.472000000000	-0.59632347307485	0.095392873144484	486.03822047560	0.0000000000000
27.478000000000	-0.59572833392762	0.098310101947454	485.97010754334	0.0000000000000
27.484000000000	-0.59511895473669	0.10122346084562	485.90199461107	0.0000000000000
27.490000000000	-0.59449536084594	0.10413288059527	485.83388167881	0.0000000000000
27.496000000000	-0.59385757793724	0.10703829211019	485.76576874655	0.0000000000000
27.502000000000	-0.59320563202958	0.10993962646330	485.69765581428	0.0000000000000
27.508000000000	-0.59253954947824	0.11283681488832	485.62954288202	0.0000000000000
27.514000000000	-0.59185935697387	0.11572978878143	485.56142994975	0.0000000000000
27.520000000000	-0.59116508154161	0.11861847970288	485.49331701749	0.0000000000000
27.526000000000	-0.59045675054020	0.12150281937870	485.42520408523	0.0000000000000
27.532000000000	-0.58973439166106	0.12438273970227	485.35709115296	0.0000000000000
27.538000000000	-0.58899803292740	0.12725817273601	485.28897822070	0.0000000000000
27.544000000000	-0.58824770269326	0.13012905071299	485.22086528843	0.0000000000000
27.550000000000	-0.58748342964260	0.13299530603855	485.15275235617	0.0000000000000
27.556000000000	-0.58670524278837	0.13585687129197	485.08463942391	0.0000000000000
27.562000000000	-0.58591317147156	0.13871367922802	485.01652649164	0.0000000000000
27.568000000000	-0.58510724536022	0.14156566277865	484.94841355938	0.0000000000000
27.574000000000	-0.58428749444852	0.14441275505457	484.88030062711	0.0000000000000
27.580000000000	-0.58345394905576	0.14725488934684	484.81218769485	0.0000000000000
27.586000000000	-0.58260663982543	0.15009199912852	484.74407476259	0.0000000000000
27.592000000000	-0.58174559772416	0.15292401805623	484.67596183032	0.0000000000000
27.598000000000	-0.58087085404078	0.15575087997180	484.60784889806	0.0000000000000
27.604000000000	-0.57998244038529	0.15857251890379	484.53973596579	0.0000000000000
27.610000000000	-0.57908038868783	0.16138886906914	484.47162303353	0.0000000000000
27.616000000000	-0.57816473119770	0.16419986487474	484.40351010127	0.0000000000000
27.622000000000	-0.57723550048230	0.16700544091899	484.33539716900	0.0000000000000
27.628000000000	-0.57629272942610	0.16980553199340	484.26728423674	0.0000000000000
27.634000000000	-0.57533645122960	0.17260007308413	484.19917130447	0.0000000000000
27.640000000000	-0.57436669940826	0.17538899937362	484.13105837221	0.0000000000000
27.646000000000	-0.57338350779148	0.17817224624207	484.06294543995	0.0000000000000
27.652000000000	-0.57238691052147	0.18094974926906	483.99483250768	0.0000000000000
27.658000000000	-0.57137694205221	0.18372144423508	483.92671957542	0.0000000000000
27.664000000000	-0.57035363714838	0.18648726712308	483.85860664315	0.0000000000000
27.670000000000	-0.56931703088421	0.18924715412001	483.79049371089	0.0000000000000
27.676000000000	-0.56826715864243	0.19200104161837	483.72238077863	0.0000000000000
27.682000000000	-0.56720405611313	0.19474886621773	483.65426784636	0.0000000000000
27.688000000000	-0.56612775929265	0.19749056472628	483.58615491410	0.0000000000000
27.694000000000	-0.56503830448245	0.20022607416235	483.51804198183	0.0000000000000
27.700000000000	-0.56393572828800	0.20295533175589	483.44992904957	0.0000000000000
27.706000000000	-0.56282006761759	0.20567827495004	483.38181611731	0.0000000000000
27.712000000000	-0.56169135968121	0.20839484140263	483.31370318504	0.0000000000000
27.718000000000	-0.56054964198939	0.21110496898764	483.24559025278	0.0000000000000
27.724000000000	-0.55939495235203	0.21380859579674	483.17747732051	0.0000000000000
27.730000000000	-0.55822732887722	0.21650566014080	483.10936438825	0.0000000000000
27.736000000000	-0.55704680997004	0.21919610055132	483.04125145599	0.0000000000000
27.742000000000	-0.55585343433141	0.22187985578196	482.97313852372	0.0000000000000
27.748000000000	-0.55464724095686	0.22455686481002	482.90502559146	0.0000000000000
27.754000000000	-0.55342826913533	0.22722706683788	482.83691265919	0.0000000000000
27.760000000000	-0.55219655844795	0.22989040129448	482.76879972693	0.0000000000000
27.766000000000	-0.55095214876683	0.23254680783682	482.70068679467	0.0000000000000
27.772000000000	-0.54969508025380	0.23519622635136	482.63257386240	0.0000000000000
27.778000000000	-0.54842539335921	0.23783859695549	482.56446093014	0.0000000000000
27.784000000000	-0.54714312882065	0.24047385999901	482.49634799787	0.0000000000000
27.790000000000	-0.54584832766171	0.24310195606551	482.42823506561	0.0000000000000
27.796000000000	-0.54454103119071	0.24572282597384	482.36012213335	0.0000000000000
27.802000000000	-0.54322128099942	0.24833641077955	482.29200920108	0.0000000000000
27.808000000000	-0.54188911896181	0.25094265177628	482.22389626882	0.0000000000000
27.814000000000	-0.54054458723274	0.25354149049720	482.15578333655	0.0000000000000
27.820000000000	-0.53918772824665	0.25613286871638	482.08767040429	0.0000000000000
27.826000000000	-0.53781858471630	0.25871672845027	482.01955747203	0.0000000000000
27.832000000000	-0.53643719963142	0.26129301195901	481.95144453976	0.0000000000000
27.838000000000	-0.53504361625742	0.26386166174791	481.88333160750	0.0000000000000
27.844000000000	-0.53363787813401	0.26642262056875	481.81521867524	0.0000000000000
27.850000000000	-0.53222002907396	0.26897583142121	481.74710574297	0.0000000000000
27.856000000000	-0.53079011316167	0.27152123755426	481.67899281071	0.0000000000000
27.862000000000	-0.52934817475184	0.27405878246746	481.61087987844	0.0000000000000
27.868000000000	-0.52789425846814	0.27658840991240	481.54276694618	0.0000000000000
27.874000000000	-0.52642840920185	0.27911006389399	481.47465401392	0.0000000000000
27.880000000000	-0.52495067211042	0.28162368867185	481.40654108165	0.0000000000000
27.886000000000	-0.52346109261616	0.28412922876161	481.33842814939	0.0000000000000
27.892000000000	-0.52195971640482	0.28662662893629	481.27031521712	0.0000000000000
27.898000000000	-0.52044658942421	0.28911583422761	481.20220228486	0.0000000000000
27.904000000000	-0.51892175788275	0.29159678992729	481.13408935260	0.0000000000000
27.910000000000	-0.51738526824813	0.29406944158840	481.06597642033	0.0000000000000
27.916000000000	-0.51583716724583	0.29653373502664	480.99786348807	0.0000000000000
27.922000000000	-0.51427750185773	0.29898961632166	480.92975055580	0.0000000000000
27.928000000000	-0.51270631932065	0.30143703181833	480.86163762354	0.0000000000000
27.934000000000	-0.51112366712492	0.30387592812805	480.79352469128	0.0000000000000
27.940000000000	-0.50952959301293	0.30630625213003	480.72541175901	0.0000000000000
27.946000000000	-0.50792414497768	0.30872795097253	480.65729882675	0.0000000000000
27.952000000000	-0.50630737126129	0.31114097207419	480.58918589448	0.0000000000000
27.958000000000	-0.50467932035357	0.31354526312520	480.52107296222	0.0000000000000
27.964000000000	-0.50304004099050	0.31594077208863	480.45296002996	0.0000000000000
27.970000000000	-0.50138958215275	0.31832744720164	480.38484709769	0.0000000000000
27.976000000000	-0.49972799306422	0.32070523697671	480.31673416543	0.0000000000000
27.982000000000	-0.49805532319049	0.32307409020288	480.24862123316	0.0000000000000
27.988000000000	-0.49637162223734	0.32543395594697	480.18050830090	0.0000000000000
27.994000000000	-0.49467694014923	0.32778478355481	480.11239536864	0.0000000000000
28.000000000000	-0.49297132710777	0.33012652265239	480.04428243637	0.0000000000000
