#Parameters = {Epsilon=3; a=8.636; b=4.318; d_new=2; d_odj=74.4; h=1; l=26; l_old=26; tg_delta=0.01}
#"Frequency / GHz"	"S2,2 [Re]"	"S2,2 [Im]"	"Ref.Imp. [Re]"	"Ref.Imp. [Im]"
#-------------------------------------------------------------------------
22.000000000000	-0.65435243186702	0.29117825175980	613.07053357340	0.0000000000000
22.006000000000	-0.65268655954548	0.29452393625142	612.82291089986	0.0000000000000
22.012000000000	-0.65100421484789	0.29785906041930	612.57528822632	0.0000000000000
22.018000000000	-0.64930546870396	0.30118354720064	612.32766555279	0.0000000000000
22.024000000000	-0.64759039234787	0.30449732004116	612.08004287925	0.0000000000000
22.030000000000	-0.64585905731456	0.30780030289531	611.83242020571	0.0000000000000
22.036000000000	-0.64411153543600	0.31109242022650	611.58479753217	0.0000000000000
22.042000000000	-0.64234789883750	0.31437359700735	611.33717485863	0.0000000000000
22.048000000000	-0.64056821993405	0.31764375871981	611.08955218509	0.0000000000000
22.054000000000	-0.63877257142665	0.32090283135536	610.84192951155	0.0000000000000
22.060000000000	-0.63696102629865	0.32415074141512	610.59430683802	0.0000000000000
22.066000000000	-0.63513365781217	0.32738741590997	610.34668416448	0.0000000000000
22.072000000000	-0.63329053950445	0.33061278236063	610.09906149094	0.0000000000000
22.078000000000	-0.63143174518427	0.33382676879775	609.85143881740	0.0000000000000
22.084000000000	-0.62955734892838	0.33702930376190	609.60381614386	0.0000000000000
22.090000000000	-0.62766742507796	0.34022031630366	609.35619347032	0.0000000000000
22.096000000000	-0.62576204823508	0.34339973598356	609.10857079678	0.0000000000000
22.102000000000	-0.62384129325913	0.34656749287207	608.86094812324	0.0000000000000
22.108000000000	-0.62190523526340	0.34972351754958	608.61332544971	0.0000000000000
22.114000000000	-0.61995394961151	0.35286774110633	608.36570277617	0.0000000000000
22.120000000000	-0.61798751191403	0.35600009514229	608.11808010263	0.0000000000000
22.126000000000	-0.61600599802496	0.35912051176711	607.87045742909	0.0000000000000
22.132000000000	-0.61400948403831	0.36222892359995	607.62283475555	0.0000000000000
22.138000000000	-0.61199804628472	0.36532526376934	607.37521208201	0.0000000000000
22.144000000000	-0.60997176132806	0.36840946591307	607.12758940847	0.0000000000000
22.150000000000	-0.60793070596199	0.37148146417792	606.87996673494	0.0000000000000
22.156000000000	-0.60587495720670	0.37454119321954	606.63234406140	0.0000000000000
22.162000000000	-0.60380459230546	0.37758858820217	606.38472138786	0.0000000000000
22.168000000000	-0.60171968872139	0.38062358479846	606.13709871432	0.0000000000000
22.174000000000	-0.59962032413410	0.38364611918913	605.88947604078	0.0000000000000
22.180000000000	-0.59750657643641	0.38665612806280	605.64185336724	0.0000000000000
22.186000000000	-0.59537852373109	0.38965354861563	605.39423069370	0.0000000000000
22.192000000000	-0.59323624432760	0.39263831855101	605.14660802016	0.0000000000000
22.198000000000	-0.59107981673884	0.39561037607927	604.89898534663	0.0000000000000
22.204000000000	-0.58890931967797	0.39856965991734	604.65136267309	0.0000000000000
22.210000000000	-0.58672483205519	0.40151610928835	604.40373999955	0.0000000000000
22.216000000000	-0.58452643297456	0.40444966392129	604.15611732601	0.0000000000000
22.222000000000	-0.58231420173082	0.40737026405063	603.90849465247	0.0000000000000
22.228000000000	-0.58008821780627	0.41027785041588	603.66087197893	0.0000000000000
22.234000000000	-0.57784856086765	0.41317236426120	603.41324930539	0.0000000000000
22.240000000000	-0.57559531076299	0.41605374733495	603.16562663186	0.0000000000000
22.246000000000	-0.57332854751857	0.41892194188925	602.91800395832	0.0000000000000
22.252000000000	-0.57104835133578	0.42177689067950	602.67038128478	0.0000000000000
22.258000000000	-0.56875480258815	0.42461853696393	602.42275861124	0.0000000000000
22.264000000000	-0.56644798181823	0.42744682450308	602.17513593770	0.0000000000000
22.270000000000	-0.56412796973461	0.43026169755929	601.92751326416	0.0000000000000
22.276000000000	-0.56179484720894	0.43306310089623	601.67989059062	0.0000000000000
22.282000000000	-0.55944869527288	0.43585097977830	601.43226791708	0.0000000000000
22.288000000000	-0.55708959511517	0.43862527997014	601.18464524355	0.0000000000000
22.294000000000	-0.55471762807871	0.44138594773602	600.93702257001	0.0000000000000
22.300000000000	-0.55233287565756	0.44413292983933	600.68939989647	0.0000000000000
22.306000000000	-0.54993541949409	0.44686617354193	600.44177722293	0.0000000000000
22.312000000000	-0.54752534137602	0.44958562660362	600.19415454939	0.0000000000000
22.318000000000	-0.54510272323360	0.45229123728146	599.94653187585	0.0000000000000
22.324000000000	-0.54266764713670	0.45498295432923	599.69890920231	0.0000000000000
22.330000000000	-0.54022019529199	0.45766072699673	599.45128652878	0.0000000000000
22.336000000000	-0.53776045004011	0.46032450502918	599.20366385524	0.0000000000000
22.342000000000	-0.53528849385284	0.46297423866656	598.95604118170	0.0000000000000
22.348000000000	-0.53280440933032	0.46560987864292	598.70841850816	0.0000000000000
22.354000000000	-0.53030827919829	0.46823137618575	598.46079583462	0.0000000000000
22.360000000000	-0.52780018630529	0.47083868301526	598.21317316108	0.0000000000000
22.366000000000	-0.52528021361993	0.47343175134367	597.96555048754	0.0000000000000
22.372000000000	-0.52274844422820	0.47601053387459	597.71792781400	0.0000000000000
22.378000000000	-0.52020496133070	0.47857498380218	597.47030514047	0.0000000000000
22.384000000000	-0.51764984823999	0.48112505481053	597.22268246693	0.0000000000000
22.390000000000	-0.51508318837789	0.48366070107289	596.97505979339	0.0000000000000
22.396000000000	-0.51250506527286	0.48618187725089	596.72743711985	0.0000000000000
22.402000000000	-0.50991556255729	0.48868853849385	596.47981444631	0.0000000000000
22.408000000000	-0.50731476396492	0.49118064043797	596.23219177277	0.0000000000000
22.414000000000	-0.50470275332824	0.49365813920561	595.98456909923	0.0000000000000
22.420000000000	-0.50207961457584	0.49612099140445	595.73694642570	0.0000000000000
22.426000000000	-0.49944543172989	0.49856915412674	595.48932375216	0.0000000000000
22.432000000000	-0.49680028890355	0.50100258494852	595.24170107862	0.0000000000000
22.438000000000	-0.49414427029842	0.50342124192877	594.99407840508	0.0000000000000
22.444000000000	-0.49147746020202	0.50582508360865	594.74645573154	0.0000000000000
22.450000000000	-0.48879994298526	0.50821406901063	594.49883305800	0.0000000000000
22.456000000000	-0.48611180309999	0.51058815763773	594.25121038446	0.0000000000000
22.462000000000	-0.48341312507644	0.51294730947261	594.00358771092	0.0000000000000
22.468000000000	-0.48070399352081	0.51529148497680	593.75596503739	0.0000000000000
22.474000000000	-0.47798449311281	0.51762064508981	593.50834236385	0.0000000000000
22.480000000000	-0.47525470860320	0.51993475122827	593.26071969031	0.0000000000000
22.486000000000	-0.47251472481139	0.52223376528513	593.01309701677	0.0000000000000
22.492000000000	-0.46976462662304	0.52451764962870	592.76547434323	0.0000000000000
22.498000000000	-0.46700449898764	0.52678636710187	592.51785166969	0.0000000000000
22.504000000000	-0.46423442691616	0.52903988102117	592.27022899615	0.0000000000000
22.510000000000	-0.46145449547868	0.53127815517589	592.02260632262	0.0000000000000
22.516000000000	-0.45866478980206	0.53350115382721	591.77498364908	0.0000000000000
22.522000000000	-0.45586539506756	0.53570884170731	591.52736097554	0.0000000000000
22.528000000000	-0.45305639650859	0.53790118401841	591.27973830200	0.0000000000000
22.534000000000	-0.45023787940837	0.54007814643194	591.03211562846	0.0000000000000
22.540000000000	-0.44740992909766	0.54223969508757	590.78449295492	0.0000000000000
22.546000000000	-0.44457263095245	0.54438579659229	590.53687028138	0.0000000000000
22.552000000000	-0.44172607039176	0.54651641801954	590.28924760784	0.0000000000000
22.558000000000	-0.43887033287534	0.54863152690822	590.04162493431	0.0000000000000
22.564000000000	-0.43600550390150	0.55073109126178	589.79400226077	0.0000000000000
22.570000000000	-0.43313166900482	0.55281507954729	589.54637958723	0.0000000000000
22.576000000000	-0.43024891375401	0.55488346069448	589.29875691369	0.0000000000000
22.582000000000	-0.42735732374970	0.55693620409481	589.05113424015	0.0000000000000
22.588000000000	-0.42445698462226	0.55897327960050	588.80351156661	0.0000000000000
22.594000000000	-0.42154798202966	0.56099465752359	588.55588889307	0.0000000000000
22.600000000000	-0.41863040165529	0.56300030863495	588.30826621954	0.0000000000000
22.606000000000	-0.41570432920586	0.56499020416335	588.06064354600	0.0000000000000
22.612000000000	-0.41276985040924	0.56696431579449	587.81302087246	0.0000000000000
22.618000000000	-0.40982705101241	0.56892261567000	587.56539819892	0.0000000000000
22.624000000000	-0.40687601677932	0.57086507638647	587.31777552538	0.0000000000000
22.630000000000	-0.40391683348881	0.57279167099449	587.07015285184	0.0000000000000
22.636000000000	-0.40094958693259	0.57470237299767	586.88151010885	0.0000000000000
22.642000000000	-0.39797436291311	0.57659715635161	586.69286736585	0.0000000000000
22.648000000000	-0.39499124724158	0.57847599546296	586.50422462285	0.0000000000000
22.654000000000	-0.39200032573592	0.58033886518839	586.31558187986	0.0000000000000
22.660000000000	-0.38900168421875	0.58218574083364	586.12693913686	0.0000000000000
22.666000000000	-0.38599540851536	0.58401659815246	585.93829639387	0.0000000000000
22.672000000000	-0.38298158445175	0.58583141334566	585.74965365087	0.0000000000000
22.678000000000	-0.37996029785262	0.58763016306005	585.56101090788	0.0000000000000
22.684000000000	-0.37693163453944	0.58941282438752	585.37236816488	0.0000000000000
22.690000000000	-0.37389568032846	0.59117937486392	585.18372542188	0.0000000000000
22.696000000000	-0.37085252102878	0.59292979246814	584.99508267889	0.0000000000000
22.702000000000	-0.36780224244044	0.59466405562104	584.80643993589	0.0000000000000
22.708000000000	-0.36474493035245	0.59638214318445	584.61779719290	0.0000000000000
22.714000000000	-0.36168067054092	0.59808403446016	584.42915444990	0.0000000000000
22.720000000000	-0.35860954876715	0.59976970918887	584.24051170691	0.0000000000000
22.726000000000	-0.35553165077577	0.60143914754919	584.05186896391	0.0000000000000
22.732000000000	-0.35244706229283	0.60309233015660	583.86322622091	0.0000000000000
22.738000000000	-0.34935586902395	0.60472923806242	583.67458347792	0.0000000000000
22.744000000000	-0.34625815665247	0.60634985275280	583.48594073492	0.0000000000000
22.750000000000	-0.34315401083763	0.60795415614765	583.29729799193	0.0000000000000
22.756000000000	-0.34004351721270	0.60954213059964	583.10865524893	0.0000000000000
22.762000000000	-0.33692676138320	0.61111375889314	582.92001250593	0.0000000000000
22.768000000000	-0.33380382892507	0.61266902424320	582.73136976294	0.0000000000000
22.774000000000	-0.33067480538289	0.61420791029448	582.54272701994	0.0000000000000
22.780000000000	-0.32753977626807	0.61573040112027	582.35408427695	0.0000000000000
22.786000000000	-0.32439882705710	0.61723648122135	582.16544153395	0.0000000000000
22.792000000000	-0.32125204318978	0.61872613552503	581.97679879096	0.0000000000000
22.798000000000	-0.31809951006744	0.62019934938409	581.78815604796	0.0000000000000
22.804000000000	-0.31494131305124	0.62165610857568	581.59951330496	0.0000000000000
22.810000000000	-0.31177753746038	0.62309639930032	581.41087056197	0.0000000000000
22.816000000000	-0.30860826857043	0.62452020818084	581.22222781897	0.0000000000000
22.822000000000	-0.30543359161160	0.62592752226133	581.03358507598	0.0000000000000
22.828000000000	-0.30225359176699	0.62731832900607	580.84494233298	0.0000000000000
22.834000000000	-0.29906835417097	0.62869261629848	580.65629958999	0.0000000000000
22.840000000000	-0.29587796390745	0.63005037244009	580.46765684699	0.0000000000000
22.846000000000	-0.29268250600820	0.63139158614946	580.27901410399	0.0000000000000
22.852000000000	-0.28948206545120	0.63271624656110	580.09037136100	0.0000000000000
22.858000000000	-0.28627672715900	0.63402434322448	579.90172861800	0.0000000000000
22.864000000000	-0.28306657599704	0.63531586610291	579.71308587501	0.0000000000000
22.870000000000	-0.27985169677201	0.63659080557249	579.52444313201	0.0000000000000
22.876000000000	-0.27663217423027	0.63784915242107	579.33580038902	0.0000000000000
22.882000000000	-0.27340809305617	0.63909089784717	579.14715764602	0.0000000000000
22.888000000000	-0.27017953787049	0.64031603345892	578.95851490302	0.0000000000000
22.894000000000	-0.26694659322879	0.64152455127299	578.76987216003	0.0000000000000
22.900000000000	-0.26370934361987	0.64271644371356	578.58122941703	0.0000000000000
22.906000000000	-0.26046787346415	0.64389170361118	578.39258667404	0.0000000000000
22.912000000000	-0.25722226711208	0.64505032420180	578.20394393104	0.0000000000000
22.918000000000	-0.25397260884263	0.64619229912563	578.01530118804	0.0000000000000
22.924000000000	-0.25071898286168	0.64731762242608	577.82665844505	0.0000000000000
22.930000000000	-0.24746147330050	0.64842628854873	577.63801570205	0.0000000000000
22.936000000000	-0.24420016421418	0.64951829234024	577.44937295906	0.0000000000000
22.942000000000	-0.24093513958013	0.65059362904727	577.26073021606	0.0000000000000
22.948000000000	-0.23766648329652	0.65165229431541	577.07208747307	0.0000000000000
22.954000000000	-0.23439427918080	0.65269428418812	576.88344473007	0.0000000000000
22.960000000000	-0.23111861096817	0.65371959510567	576.69480198707	0.0000000000000
22.966000000000	-0.22783956231006	0.65472822390404	576.50615924408	0.0000000000000
22.972000000000	-0.22455721677268	0.65572016781386	576.31751650108	0.0000000000000
22.978000000000	-0.22127165783550	0.65669542445934	576.12887375809	0.0000000000000
22.984000000000	-0.21798296888979	0.65765399185721	575.94023101509	0.0000000000000
22.990000000000	-0.21469123323715	0.65859586841559	575.75158827210	0.0000000000000
22.996000000000	-0.21139653408803	0.65952105293301	575.56294552910	0.0000000000000
23.002000000000	-0.20809895456028	0.66042954459722	575.37430278610	0.0000000000000
23.008000000000	-0.20479857767773	0.66132134298423	575.18566004311	0.0000000000000
23.014000000000	-0.20149548636871	0.66219644805713	574.99701730011	0.0000000000000
23.020000000000	-0.19818976346465	0.66305486016510	574.80837455712	0.0000000000000
23.026000000000	-0.19488149169864	0.66389658004228	574.61973181412	0.0000000000000
23.032000000000	-0.19157075370399	0.66472160880669	574.43108907112	0.0000000000000
23.038000000000	-0.18825763201286	0.66552994795921	574.24244632813	0.0000000000000
23.044000000000	-0.18494220905483	0.66632159938242	574.05380358513	0.0000000000000
23.050000000000	-0.18162456715550	0.66709656533958	573.86516084214	0.0000000000000
23.056000000000	-0.17830478853512	0.66785484847353	573.67651809914	0.0000000000000
23.062000000000	-0.17498295530718	0.66859645180564	573.48787535615	0.0000000000000
23.068000000000	-0.17165914947705	0.66932137873465	573.29923261315	0.0000000000000
23.074000000000	-0.16833345294061	0.67002963303570	573.11058987015	0.0000000000000
23.080000000000	-0.16500594748287	0.67072121885915	572.92194712716	0.0000000000000
23.086000000000	-0.16167671477663	0.67139614072957	572.73330438416	0.0000000000000
23.092000000000	-0.15834583638113	0.67205440354461	572.54466164117	0.0000000000000
23.098000000000	-0.15501339374069	0.67269601257394	572.35601889817	0.0000000000000
23.104000000000	-0.15167946818337	0.67332097345818	572.16737615518	0.0000000000000
23.110000000000	-0.14834414091968	0.67392929220779	571.97873341218	0.0000000000000
23.116000000000	-0.14500749304119	0.67452097520201	571.79009066918	0.0000000000000
23.122000000000	-0.14166960551926	0.67509602918773	571.60144792619	0.0000000000000
23.128000000000	-0.13833055920371	0.67565446127849	571.41280518319	0.0000000000000
23.134000000000	-0.13499043482153	0.67619627895331	571.22416244020	0.0000000000000
23.140000000000	-0.13164931297553	0.67672149005566	571.03551969720	0.0000000000000
23.146000000000	-0.12830727414310	0.67723010279234	570.84687695421	0.0000000000000
23.152000000000	-0.12496439867491	0.67772212573241	570.65823421121	0.0000000000000
23.158000000000	-0.12162076679359	0.67819756780611	570.46959146821	0.0000000000000
23.164000000000	-0.11827645859250	0.67865643830377	570.28094872522	0.0000000000000
23.170000000000	-0.11493155403443	0.67909874687469	570.09230598222	0.0000000000000
23.176000000000	-0.11158613295036	0.67952450352612	569.90366323923	0.0000000000000
23.182000000000	-0.10824027503815	0.67993371862208	569.71502049623	0.0000000000000
23.188000000000	-0.10489405986134	0.68032640288236	569.52637775323	0.0000000000000
23.194000000000	-0.10154756684789	0.68070256738138	569.33773501024	0.0000000000000
23.200000000000	-0.098200875288911	0.68106222354710	569.14909226724	0.0000000000000
23.206000000000	-0.094854064337442	0.68140538315996	568.96044952425	0.0000000000000
23.212000000000	-0.091507213007229	0.68173205835174	568.77180678125	0.0000000000000
23.218000000000	-0.088160400171484	0.68204226160451	568.58316403826	0.0000000000000
23.224000000000	-0.084813704561671	0.68233600574953	568.39452129526	0.0000000000000
23.230000000000	-0.081467204766287	0.68261330396615	568.20587855226	0.0000000000000
23.236000000000	-0.078120979229650	0.68287416978069	568.01723580927	0.0000000000000
23.242000000000	-0.074775106250700	0.68311861706541	567.82859306627	0.0000000000000
23.248000000000	-0.071429663981791	0.68334666003733	567.63995032328	0.0000000000000
23.254000000000	-0.068084730427503	0.68355831325722	567.45130758028	0.0000000000000
23.260000000000	-0.064740383443447	0.68375359162845	567.26266483729	0.0000000000000
23.266000000000	-0.061396700735086	0.68393251039589	567.07402209429	0.0000000000000
23.272000000000	-0.058053759856545	0.68409508514484	566.88537935129	0.0000000000000
23.278000000000	-0.054711638209450	0.68424133179991	566.69673660830	0.0000000000000
23.284000000000	-0.051370413041752	0.68437126662395	566.50809386530	0.0000000000000
23.290000000000	-0.048030161446560	0.68448490621690	566.31945112231	0.0000000000000
23.296000000000	-0.044690960360985	0.68458226751473	566.13080837931	0.0000000000000
23.302000000000	-0.041352886564986	0.68466336778833	565.94216563631	0.0000000000000
23.308000000000	-0.038016016680218	0.68472822464238	565.75352289332	0.0000000000000
23.314000000000	-0.034680427168888	0.68477685601429	565.56488015032	0.0000000000000
23.320000000000	-0.031346194332615	0.68480928017306	565.37623740733	0.0000000000000
23.326000000000	-0.028013394311295	0.68482551571820	565.18759466433	0.0000000000000
23.332000000000	-0.024682103081971	0.68482558157859	564.99895192134	0.0000000000000
23.338000000000	-0.021352396457707	0.68480949701142	564.81030917834	0.0000000000000
23.344000000000	-0.018024350086465	0.68477728160103	564.62166643534	0.0000000000000
23.350000000000	-0.014698039449993	0.68472895525784	564.43302369235	0.0000000000000
23.356000000000	-0.011373539862709	0.68466453821722	564.24438094935	0.0000000000000
23.362000000000	-0.0080509264705984	0.68458405103839	564.05573820636	0.0000000000000
23.368000000000	-0.0047302742501094	0.68448751460330	563.86709546336	0.0000000000000
23.374000000000	-0.0014116580070503	0.68437495011551	563.67845272037	0.0000000000000
23.380000000000	0.0019048476244927	0.68424637909911	563.48980997737	0.0000000000000
23.386000000000	0.0052191681832522	0.68410182339754	563.30116723437	0.0000000000000
23.392000000000	0.0085312293818606	0.68394130517255	563.11252449138	0.0000000000000
23.398000000000	0.011840957107931	0.68376484690302	562.92388174838	0.0000000000000
23.404000000000	0.015148277425131	0.68357247138389	562.73523900539	0.0000000000000
23.410000000000	0.018453116574254	0.68336420172498	562.54659626239	0.0000000000000
23.416000000000	0.021755400974284	0.68314006134994	562.35795351939	0.0000000000000
23.422000000000	0.025055057223459	0.68290007399508	562.16931077640	0.0000000000000
23.428000000000	0.028352012100325	0.68264426370826	561.98066803340	0.0000000000000
23.434000000000	0.031646192564794	0.68237265484777	561.79202529041	0.0000000000000
23.440000000000	0.034937525759186	0.68208527208118	561.60338254741	0.0000000000000
23.446000000000	0.038225939009277	0.68178214038427	561.41473980442	0.0000000000000
23.452000000000	0.041511359825335	0.68146328503981	561.22609706142	0.0000000000000
23.458000000000	0.044793715903165	0.68112873163654	561.03745431842	0.0000000000000
23.464000000000	0.048072935125124	0.68077850606795	560.84881157543	0.0000000000000
23.470000000000	0.051348945561158	0.68041263453119	560.66016883243	0.0000000000000
23.476000000000	0.054621675469823	0.68003114352592	560.47152608944	0.0000000000000
23.482000000000	0.057891053299301	0.67963405985320	560.28288334644	0.0000000000000
23.488000000000	0.061157007688411	0.67922141061431	560.09424060345	0.0000000000000
23.494000000000	0.064419467467626	0.67879322320965	559.90559786045	0.0000000000000
23.500000000000	0.067678361660068	0.67834952533760	559.71695511745	0.0000000000000
23.506000000000	0.070933619482516	0.67789034499335	559.52831237446	0.0000000000000
23.512000000000	0.074185170346397	0.67741571046779	559.33966963146	0.0000000000000
23.518000000000	0.077432943858784	0.67692565034634	559.15102688847	0.0000000000000
23.524000000000	0.080676869823375	0.67642019350782	558.96238414547	0.0000000000000
23.530000000000	0.083916878241486	0.67589936912331	558.77374140248	0.0000000000000
23.536000000000	0.087152899313022	0.67536320665498	558.58509865948	0.0000000000000
23.542000000000	0.090384863437457	0.67481173585497	558.39645591648	0.0000000000000
23.548000000000	0.093612701214802	0.67424498676419	558.20781317349	0.0000000000000
23.554000000000	0.096836343446570	0.67366298971123	558.01917043049	0.0000000000000
23.560000000000	0.10005572113675	0.67306577531116	557.83052768750	0.0000000000000
23.566000000000	0.10327076549273	0.67245337446439	557.64188494450	0.0000000000000
23.572000000000	0.10648140792631	0.67182581835551	557.45324220150	0.0000000000000
23.578000000000	0.10968758005460	0.67118313845214	557.26459945851	0.0000000000000
23.584000000000	0.11288921370096	0.67052536650376	557.07595671551	0.0000000000000
23.590000000000	0.11608624089601	0.66985253454052	556.88731397252	0.0000000000000
23.596000000000	0.11927859387847	0.66916467487215	556.69867122952	0.0000000000000
23.602000000000	0.12246620509617	0.66846182008671	556.51002848653	0.0000000000000
23.608000000000	0.12564900720694	0.66774400304947	556.32138574353	0.0000000000000
23.614000000000	0.12882693307955	0.66701125690176	556.13274300053	0.0000000000000
23.620000000000	0.13199991579461	0.66626361505972	555.94410025754	0.0000000000000
23.626000000000	0.13516788864550	0.66550111121323	555.75545751454	0.0000000000000
23.632000000000	0.13833078513929	0.66472377932464	555.56681477155	0.0000000000000
23.638000000000	0.14148853899762	0.66393165362765	555.37817202855	0.0000000000000
23.644000000000	0.14464108415762	0.66312476862614	555.18952928556	0.0000000000000
23.650000000000	0.14778835477281	0.66230315909293	555.00088654256	0.0000000000000
23.656000000000	0.15093028521399	0.66146686006867	554.81224379956	0.0000000000000
23.662000000000	0.15406681007012	0.66061590686061	554.62360105657	0.0000000000000
23.668000000000	0.15719786414921	0.65975033504143	554.43495831357	0.0000000000000
23.674000000000	0.16032338247922	0.65887018044805	554.24631557058	0.0000000000000
23.680000000000	0.16344330030890	0.65797547918043	554.05767282758	0.0000000000000
23.686000000000	0.16655755310870	0.65706626760041	553.86903008459	0.0000000000000
23.692000000000	0.16966607657160	0.65614258233050	553.68038734159	0.0000000000000
23.698000000000	0.17276880661401	0.65520446025266	553.49174459859	0.0000000000000
23.704000000000	0.17586567937660	0.65425193850715	553.30310185560	0.0000000000000
23.710000000000	0.17895663122519	0.65328505449129	553.11445911260	0.0000000000000
23.716000000000	0.18204159875154	0.65230384585830	552.92581636961	0.0000000000000
23.722000000000	0.18512051877426	0.65130835051605	552.73717362661	0.0000000000000
23.728000000000	0.18819332833961	0.65029860662590	552.54853088361	0.0000000000000
23.734000000000	0.19125996472236	0.64927465260148	552.35988814062	0.0000000000000
23.740000000000	0.19432036542661	0.64823652710745	552.17124539762	0.0000000000000
23.746000000000	0.19737446818662	0.64718426905835	551.98260265463	0.0000000000000
23.752000000000	0.20042221096764	0.64611791761733	551.84581802927	0.0000000000000
23.758000000000	0.20346353196672	0.64503751219499	551.70903340392	0.0000000000000
23.764000000000	0.20649836961353	0.64394309244810	551.57224877856	0.0000000000000
23.770000000000	0.20952666257117	0.64283469827844	551.43546415320	0.0000000000000
23.776000000000	0.21254834973697	0.64171236983156	551.29867952785	0.0000000000000
23.782000000000	0.21556337024330	0.64057614749555	551.16189490249	0.0000000000000
23.788000000000	0.21857166345838	0.63942607189983	551.02511027714	0.0000000000000
23.794000000000	0.22157316898701	0.63826218391389	550.88832565178	0.0000000000000
23.800000000000	0.22456782667146	0.63708452464613	550.75154102642	0.0000000000000
23.806000000000	0.22755557659215	0.63589313544256	550.61475640107	0.0000000000000
23.812000000000	0.23053635906849	0.63468805788561	550.47797177571	0.0000000000000
23.818000000000	0.23351011465964	0.63346933379287	550.34118715036	0.0000000000000
23.824000000000	0.23647678416527	0.63223700521589	550.20440252500	0.0000000000000
23.830000000000	0.23943630862634	0.63099111443890	550.06761789965	0.0000000000000
23.836000000000	0.24238862932585	0.62973170397761	549.93083327429	0.0000000000000
23.842000000000	0.24533368778959	0.62845881657793	549.79404864893	0.0000000000000
23.848000000000	0.24827142578689	0.62717249521475	549.65726402358	0.0000000000000
23.854000000000	0.25120178533138	0.62587278309071	549.52047939822	0.0000000000000
23.860000000000	0.25412470868174	0.62455972363490	549.38369477287	0.0000000000000
23.866000000000	0.25704013834239	0.62323336050166	549.24691014751	0.0000000000000
23.872000000000	0.25994801706427	0.62189373756931	549.11012552216	0.0000000000000
23.878000000000	0.26284828784553	0.62054089893890	548.97334089680	0.0000000000000
23.884000000000	0.26574089393230	0.61917488893293	548.83655627144	0.0000000000000
23.890000000000	0.26862577881935	0.61779575209415	548.69977164609	0.0000000000000
23.896000000000	0.27150288625083	0.61640353318422	548.56298702073	0.0000000000000
23.902000000000	0.27437216022100	0.61499827718253	548.42620239538	0.0000000000000
23.908000000000	0.27723354497488	0.61358002928488	548.28941777002	0.0000000000000
23.914000000000	0.28008698500900	0.61214883490223	548.15263314466	0.0000000000000
23.920000000000	0.28293242507206	0.61070473965945	548.01584851931	0.0000000000000
23.926000000000	0.28576981016562	0.60924778939401	547.87906389395	0.0000000000000
23.932000000000	0.28859908554480	0.60777803015476	547.74227926860	0.0000000000000
23.938000000000	0.29142019671896	0.60629550820061	547.60549464324	0.0000000000000
23.944000000000	0.29423308945234	0.60480026999929	547.46871001789	0.0000000000000
23.950000000000	0.29703770976476	0.60329236222606	547.33192539253	0.0000000000000
23.956000000000	0.29983400393226	0.60177183176241	547.19514076717	0.0000000000000
23.962000000000	0.30262191848781	0.60023872569481	547.05835614182	0.0000000000000
23.968000000000	0.30540140022187	0.59869309131340	546.92157151646	0.0000000000000
23.974000000000	0.30817239618312	0.59713497611075	546.78478689111	0.0000000000000
23.980000000000	0.31093485367909	0.59556442778051	546.64800226575	0.0000000000000
23.986000000000	0.31368872027674	0.59398149421617	546.51121764039	0.0000000000000
23.992000000000	0.31643394380318	0.59238622350974	546.37443301504	0.0000000000000
23.998000000000	0.31917047234622	0.59077866395047	546.23764838968	0.0000000000000
24.004000000000	0.32189825425503	0.58915886402357	546.10086376433	0.0000000000000
24.010000000000	0.32461723814076	0.58752687240889	545.96407913897	0.0000000000000
24.016000000000	0.32732737287714	0.58588273797962	545.82729451362	0.0000000000000
24.022000000000	0.33002860760109	0.58422650980101	545.69050988826	0.0000000000000
24.028000000000	0.33272089171331	0.58255823712907	545.55372526290	0.0000000000000
24.034000000000	0.33540417487890	0.58087796940922	545.41694063755	0.0000000000000
24.040000000000	0.33807840702793	0.57918575627507	545.28015601219	0.0000000000000
24.046000000000	0.34074353835605	0.57748164754701	545.14337138684	0.0000000000000
24.052000000000	0.34339951932503	0.57576569323098	545.00658676148	0.0000000000000
24.058000000000	0.34604630066337	0.57403794351714	544.86980213612	0.0000000000000
24.064000000000	0.34868383336686	0.57229844877853	544.73301751077	0.0000000000000
24.070000000000	0.35131206869914	0.57054725956979	544.59623288541	0.0000000000000
24.076000000000	0.35393095819225	0.56878442662581	544.45944826006	0.0000000000000
24.082000000000	0.35654045364722	0.56701000086046	544.32266363470	0.0000000000000
24.088000000000	0.35914050713456	0.56522403336522	544.18587900935	0.0000000000000
24.094000000000	0.36173107099486	0.56342657540789	544.04909438399	0.0000000000000
24.100000000000	0.36431209783929	0.56161767843125	543.91230975863	0.0000000000000
24.106000000000	0.36688354055014	0.55979739405177	543.77552513328	0.0000000000000
24.112000000000	0.36944535228135	0.55796577405822	543.63874050792	0.0000000000000
24.118000000000	0.37199748645904	0.55612287041042	543.50195588257	0.0000000000000
24.124000000000	0.37453989678200	0.55426873523785	543.36517125721	0.0000000000000
24.130000000000	0.37707253722222	0.55240342083835	543.22838663186	0.0000000000000
24.136000000000	0.37959536202539	0.55052697967676	543.09160200650	0.0000000000000
24.142000000000	0.38210832571138	0.54863946438364	542.95481738114	0.0000000000000
24.148000000000	0.38461138307476	0.54674092775387	542.81803275579	0.0000000000000
24.154000000000	0.38710448918528	0.54483142274536	542.68124813043	0.0000000000000
24.160000000000	0.38958759938833	0.54291100247770	542.54446350508	0.0000000000000
24.166000000000	0.39206066930543	0.54097972023080	542.40767887972	0.0000000000000
24.172000000000	0.39452365483473	0.53903762944358	542.27089425436	0.0000000000000
24.178000000000	0.39697651215141	0.53708478371259	542.13410962901	0.0000000000000
24.184000000000	0.39941919770819	0.53512123679073	541.99732500365	0.0000000000000
24.190000000000	0.40185166823575	0.53314704258583	541.86054037830	0.0000000000000
24.196000000000	0.40427388074322	0.53116225515934	541.72375575294	0.0000000000000
24.202000000000	0.40668579251858	0.52916692872501	541.58697112759	0.0000000000000
24.208000000000	0.40908736112909	0.52716111764746	541.45018650223	0.0000000000000
24.214000000000	0.41147854442178	0.52514487644093	541.31340187687	0.0000000000000
24.220000000000	0.41385930052379	0.52311825976785	541.17661725152	0.0000000000000
24.226000000000	0.41622958784285	0.52108132243754	541.03983262616	0.0000000000000
24.232000000000	0.41858936506768	0.51903411940479	540.90304800081	0.0000000000000
24.238000000000	0.42093859116837	0.51697670576860	540.76626337545	0.0000000000000
24.244000000000	0.42327722539681	0.51490913677074	540.62947875009	0.0000000000000
24.250000000000	0.42560522728707	0.51283146779442	540.49269412474	0.0000000000000
24.256000000000	0.42792255665578	0.51074375436295	540.35590949938	0.0000000000000
24.262000000000	0.43022917360254	0.50864605213837	540.21912487403	0.0000000000000
24.268000000000	0.43252503851027	0.50653841692006	540.08234024867	0.0000000000000
24.274000000000	0.43481011204560	0.50442090464343	539.94555562332	0.0000000000000
24.280000000000	0.43708435515921	0.50229357137852	539.80877099796	0.0000000000000
24.286000000000	0.43934772908622	0.50015647332864	539.67198637260	0.0000000000000
24.292000000000	0.44160019534650	0.49800966682903	539.53520174725	0.0000000000000
24.298000000000	0.44384171574506	0.49585320834546	539.39841712189	0.0000000000000
24.304000000000	0.44607225237239	0.49368715447289	539.26163249654	0.0000000000000
24.310000000000	0.44829176760474	0.49151156193410	539.12484787118	0.0000000000000
24.316000000000	0.45050022410452	0.48932648757831	538.98806324582	0.0000000000000
24.322000000000	0.45269758482056	0.48713198837981	538.85127862047	0.0000000000000
24.328000000000	0.45488381298847	0.48492812143660	538.71449399511	0.0000000000000
24.334000000000	0.45705887213093	0.48271494396904	538.57770936976	0.0000000000000
24.340000000000	0.45922272605800	0.48049251331843	538.44092474440	0.0000000000000
24.346000000000	0.46137533886742	0.47826088694567	538.30414011905	0.0000000000000
24.352000000000	0.46351667494488	0.47602012242990	538.16735549369	0.0000000000000
24.358000000000	0.46564669896435	0.47377027746710	538.03057086833	0.0000000000000
24.364000000000	0.46776537588831	0.47151140986871	537.89378624298	0.0000000000000
24.370000000000	0.46987267096806	0.46924357756029	537.75700161762	0.0000000000000
24.376000000000	0.47196854974396	0.46696683858014	537.62021699227	0.0000000000000
24.382000000000	0.47405297804573	0.46468125107789	537.48343236691	0.0000000000000
24.388000000000	0.47612592199265	0.46238687331315	537.34664774155	0.0000000000000
24.394000000000	0.47818734799386	0.46008376365414	537.20986311620	0.0000000000000
24.400000000000	0.48023722274856	0.45777198057631	537.07307849084	0.0000000000000
24.406000000000	0.48227551324628	0.45545158266095	536.93629386549	0.0000000000000
24.412000000000	0.48430218676710	0.45312262859381	536.79950924013	0.0000000000000
24.418000000000	0.48631721088185	0.45078517716375	536.66272461478	0.0000000000000
24.424000000000	0.48832055345236	0.44843928726135	536.52593998942	0.0000000000000
24.430000000000	0.49031218263167	0.44608501787752	536.38915536406	0.0000000000000
24.436000000000	0.49229206686421	0.44372242810212	536.25237073871	0.0000000000000
24.442000000000	0.49426017488600	0.44135157712261	536.11558611335	0.0000000000000
24.448000000000	0.49621647572487	0.43897252422265	535.97880148800	0.0000000000000
24.454000000000	0.49816093870064	0.43658532878072	535.84201686264	0.0000000000000
24.460000000000	0.50009353342527	0.43419005026874	535.70523223729	0.0000000000000
24.466000000000	0.50201422980305	0.43178674825071	535.56844761193	0.0000000000000
24.472000000000	0.50392299803080	0.42937548238131	535.43166298657	0.0000000000000
24.478000000000	0.50581980859797	0.42695631240454	535.29487836122	0.0000000000000
24.484000000000	0.50770463228685	0.42452929815233	535.15809373586	0.0000000000000
24.490000000000	0.50957744017268	0.42209449954316	535.02130911051	0.0000000000000
24.496000000000	0.51143820362381	0.41965197658067	534.88452448515	0.0000000000000
24.502000000000	0.51328689430183	0.41720178935232	534.74773985979	0.0000000000000
24.508000000000	0.51512348416172	0.41474399802798	534.61095523444	0.0000000000000
24.514000000000	0.51694794545193	0.41227866285855	534.47417060908	0.0000000000000
24.520000000000	0.51876025071453	0.40980584417462	534.33738598373	0.0000000000000
24.526000000000	0.52056037278531	0.40732560238504	534.20060135837	0.0000000000000
24.532000000000	0.52234828479390	0.40483799797558	534.06381673302	0.0000000000000
24.538000000000	0.52412396016384	0.40234309150754	533.92703210766	0.0000000000000
24.544000000000	0.52588737261269	0.39984094361637	533.79024748230	0.0000000000000
24.550000000000	0.52763849615209	0.39733161501031	533.65346285695	0.0000000000000
24.556000000000	0.52937730508789	0.39481516646900	533.51667823159	0.0000000000000
24.562000000000	0.53110377402018	0.39229165884212	533.37989360624	0.0000000000000
24.568000000000	0.53281787784335	0.38976115304800	533.24310898088	0.0000000000000
24.574000000000	0.53451959174619	0.38722371007224	533.10632435552	0.0000000000000
24.580000000000	0.53620889121191	0.38467939096636	532.96953973017	0.0000000000000
24.586000000000	0.53788575201820	0.38212825684643	532.83275510481	0.0000000000000
24.592000000000	0.53955015023725	0.37957036889167	532.69597047946	0.0000000000000
24.598000000000	0.54120206223583	0.37700578834309	532.55918585410	0.0000000000000
24.604000000000	0.54284146467527	0.37443457650213	532.42240122875	0.0000000000000
24.610000000000	0.54446833451151	0.37185679472930	532.28561660339	0.0000000000000
24.616000000000	0.54608264899511	0.36927250444278	532.14883197803	0.0000000000000
24.622000000000	0.54768438567124	0.36668176711706	532.01204735268	0.0000000000000
24.628000000000	0.54927352237972	0.36408464428160	531.87526272732	0.0000000000000
24.634000000000	0.55085003725497	0.36148119751944	531.73847810197	0.0000000000000
24.640000000000	0.55241390872605	0.35887148846583	531.60169347661	0.0000000000000
24.646000000000	0.55396511551661	0.35625557880690	531.46490885126	0.0000000000000
24.652000000000	0.55550363664488	0.35363353027824	531.32812422590	0.0000000000000
24.658000000000	0.55702945142361	0.35100540466361	531.19133960054	0.0000000000000
24.664000000000	0.55854253946010	0.34837126379352	531.05455497519	0.0000000000000
24.670000000000	0.56004288065610	0.34573116954388	530.91777034983	0.0000000000000
24.676000000000	0.56153045520779	0.34308518383467	530.78098572448	0.0000000000000
24.682000000000	0.56300524360572	0.34043336862858	530.64420109912	0.0000000000000
24.688000000000	0.56446722663474	0.33777578592961	530.50741647376	0.0000000000000
24.694000000000	0.56591638537395	0.33511249778175	530.37063184841	0.0000000000000
24.700000000000	0.56735270119663	0.33244356626765	530.23384722305	0.0000000000000
24.706000000000	0.56877615577011	0.32976905350721	530.09706259770	0.0000000000000
24.712000000000	0.57018673105578	0.32708902165627	529.96027797234	0.0000000000000
24.718000000000	0.57158440930891	0.32440353290525	529.82349334699	0.0000000000000
24.724000000000	0.57296917307858	0.32171264947781	529.68670872163	0.0000000000000
24.730000000000	0.57434100520761	0.31901643362949	529.54992409627	0.0000000000000
24.736000000000	0.57569988883241	0.31631494764636	529.41313947092	0.0000000000000
24.742000000000	0.57704580738286	0.31360825384372	529.27635484556	0.0000000000000
24.748000000000	0.57837874458222	0.31089641456469	529.13957022021	0.0000000000000
24.754000000000	0.57969868444699	0.30817949217895	529.00278559485	0.0000000000000
24.760000000000	0.58100561128674	0.30545754908131	528.86600096949	0.0000000000000
24.766000000000	0.58229950970404	0.30273064769047	528.72921634414	0.0000000000000
24.772000000000	0.58358036459423	0.29999885044761	528.59243171878	0.0000000000000
24.778000000000	0.58484816114534	0.29726221981510	528.45564709343	0.0000000000000
24.784000000000	0.58610288483788	0.29452081827514	528.31886246807	0.0000000000000
24.790000000000	0.58734452144471	0.29177470832846	528.18207784272	0.0000000000000
24.796000000000	0.58857305703082	0.28902395249297	528.04529321736	0.0000000000000
24.802000000000	0.58978847795322	0.28626861330246	527.90850859200	0.0000000000000
24.808000000000	0.59099077086071	0.28350875330523	527.77172396665	0.0000000000000
24.814000000000	0.59217992269368	0.28074443506283	527.63493934129	0.0000000000000
24.820000000000	0.59335592068395	0.27797572114867	527.49815471594	0.0000000000000
24.826000000000	0.59451875235456	0.27520267414679	527.36137009058	0.0000000000000
24.832000000000	0.59566840551954	0.27242535665046	527.22458546522	0.0000000000000
24.838000000000	0.59680486828372	0.26964383126091	527.08780083987	0.0000000000000
24.844000000000	0.59792812904250	0.26685816058603	526.95101621451	0.0000000000000
24.850000000000	0.59903817648163	0.26406840723902	526.81423158916	0.0000000000000
24.856000000000	0.60013499957695	0.26127463383712	526.67744696380	0.0000000000000
24.862000000000	0.60121858759420	0.25847690300029	526.54066233845	0.0000000000000
24.868000000000	0.60228893008874	0.25567527734992	526.40387771309	0.0000000000000
24.874000000000	0.60334601690533	0.25286981950751	526.26709308773	0.0000000000000
24.880000000000	0.60438983817784	0.25006059209338	526.13030846238	0.0000000000000
24.886000000000	0.60542038432900	0.24724765772540	525.99352383702	0.0000000000000
24.892000000000	0.60643764607015	0.24443107901766	525.85673921167	0.0000000000000
24.898000000000	0.60744161440096	0.24161091857920	525.71995458631	0.0000000000000
24.904000000000	0.60843228060915	0.23878723901272	525.58316996096	0.0000000000000
24.910000000000	0.60940963627018	0.23596010291330	525.44638533560	0.0000000000000
24.916000000000	0.61037367324699	0.23312957286711	525.30960071024	0.0000000000000
24.922000000000	0.61132438368972	0.23029571145012	525.17281608489	0.0000000000000
24.928000000000	0.61226176003536	0.22745858122687	525.03603145953	0.0000000000000
24.934000000000	0.61318579500748	0.22461824474913	524.89924683418	0.0000000000000
24.940000000000	0.61409648161588	0.22177476455466	524.76246220882	0.0000000000000
24.946000000000	0.61499381315632	0.21892820316595	524.62567758346	0.0000000000000
24.952000000000	0.61587778321016	0.21607862308896	524.48889295811	0.0000000000000
24.958000000000	0.61674838564405	0.21322608681180	524.35210833275	0.0000000000000
24.964000000000	0.61760561460956	0.21037065680355	524.21532370740	0.0000000000000
24.970000000000	0.61844946454289	0.20751239551294	524.07853908204	0.0000000000000
24.976000000000	0.61927993016448	0.20465136536712	523.94175445669	0.0000000000000
24.982000000000	0.62009700647867	0.20178762877041	523.80496983133	0.0000000000000
24.988000000000	0.62090068877336	0.19892124810304	523.66818520597	0.0000000000000
24.994000000000	0.62169097261963	0.19605228571992	523.53140058062	0.0000000000000
25.000000000000	0.62246785387134	0.19318080394938	523.39461595526	0.0000000000000
25.006000000000	0.62323132866484	0.19030686509192	523.29502371080	0.0000000000000
25.012000000000	0.62398139341849	0.18743053141902	523.19543146634	0.0000000000000
25.018000000000	0.62471804483236	0.18455186517185	523.09583922188	0.0000000000000
25.024000000000	0.62544127988778	0.18167092856007	522.99624697741	0.0000000000000
25.030000000000	0.62615109584697	0.17878778376061	522.89665473295	0.0000000000000
25.036000000000	0.62684749025264	0.17590249291642	522.79706248849	0.0000000000000
25.042000000000	0.62753046092756	0.17301511813525	522.69747024403	0.0000000000000
25.048000000000	0.62820000597419	0.17012572148846	522.59787799957	0.0000000000000
25.054000000000	0.62885612377423	0.16723436500977	522.49828575510	0.0000000000000
25.060000000000	0.62949881298819	0.16434111069408	522.39869351064	0.0000000000000
25.066000000000	0.63012807255499	0.16144602049624	522.29910126618	0.0000000000000
25.072000000000	0.63074390169152	0.15854915632986	522.19950902172	0.0000000000000
25.078000000000	0.63134629989219	0.15565058006607	522.09991677725	0.0000000000000
25.084000000000	0.63193526692849	0.15275035353239	522.00032453279	0.0000000000000
25.090000000000	0.63251080284855	0.14984853851147	521.90073228833	0.0000000000000
25.096000000000	0.63307290797668	0.14694519673994	521.80114004387	0.0000000000000
25.102000000000	0.63362158291290	0.14404038990719	521.70154779941	0.0000000000000
25.108000000000	0.63415682853252	0.14113417965422	521.60195555494	0.0000000000000
25.114000000000	0.63467864598560	0.13822662757243	521.50236331048	0.0000000000000
25.120000000000	0.63518703669655	0.13531779520245	521.40277106602	0.0000000000000
25.126000000000	0.63568200236359	0.13240774403298	521.30317882156	0.0000000000000
25.132000000000	0.63616354495832	0.12949653549961	521.20358657710	0.0000000000000
25.138000000000	0.63663166672519	0.12658423098364	521.10399433263	0.0000000000000
25.144000000000	0.63708637018103	0.12367089181093	521.00440208817	0.0000000000000
25.150000000000	0.63752765811454	0.12075657925075	520.90480984371	0.0000000000000
25.156000000000	0.63795553358579	0.11784135451460	520.80521759925	0.0000000000000
25.162000000000	0.63836999992572	0.11492527875508	520.70562535479	0.0000000000000
25.168000000000	0.63877106073561	0.11200841306473	520.60603311032	0.0000000000000
25.174000000000	0.63915871988659	0.10909081847490	520.50644086586	0.0000000000000
25.180000000000	0.63953298151908	0.10617255595457	520.40684862140	0.0000000000000
25.186000000000	0.63989385004230	0.10325368640925	520.30725637694	0.0000000000000
25.192000000000	0.64024133013373	0.10033427067986	520.20766413248	0.0000000000000
25.198000000000	0.64057542673855	0.097414369541538	520.10807188801	0.0000000000000
25.204000000000	0.64089614506913	0.094494043702583	520.00847964355	0.0000000000000
25.210000000000	0.64120349060446	0.091573353803288	519.90888739909	0.0000000000000
25.216000000000	0.64149746908963	0.088652360414842	519.80929515463	0.0000000000000
25.222000000000	0.64177808653524	0.085731124038209	519.70970291016	0.0000000000000
25.228000000000	0.64204534921688	0.082809705103022	519.61011066570	0.0000000000000
25.234000000000	0.64229926367451	0.079888163966472	519.51051842124	0.0000000000000
25.240000000000	0.64253983671198	0.076966560912211	519.41092617678	0.0000000000000
25.246000000000	0.64276707539636	0.074044956149250	519.31133393232	0.0000000000000
25.252000000000	0.64298098705745	0.071123409810864	519.21174168785	0.0000000000000
25.258000000000	0.64318157928712	0.068201981953507	519.11214944339	0.0000000000000
25.264000000000	0.64336885993881	0.065280732555720	519.01255719893	0.0000000000000
25.270000000000	0.64354283712685	0.062359721517054	518.91296495447	0.0000000000000
25.276000000000	0.64370351922596	0.059439008656986	518.81337271001	0.0000000000000
25.282000000000	0.64385091487056	0.056518653713852	518.71378046554	0.0000000000000
25.288000000000	0.64398503295425	0.053598716343770	518.61418822108	0.0000000000000
25.294000000000	0.64410588262914	0.050679256119581	518.51459597662	0.0000000000000
25.300000000000	0.64421347330530	0.047760332529782	518.41500373216	0.0000000000000
25.306000000000	0.64430781465008	0.044842004977472	518.31541148770	0.0000000000000
25.312000000000	0.64438891658755	0.041924332779296	518.21581924323	0.0000000000000
25.318000000000	0.64445678929784	0.039007375164399	518.11622699877	0.0000000000000
25.324000000000	0.64451144321654	0.036091191273380	518.01663475431	0.0000000000000
25.330000000000	0.64455288903403	0.033175840157252	517.91704250985	0.0000000000000
25.336000000000	0.64458113769491	0.030261380776397	517.81745026539	0.0000000000000
25.342000000000	0.64459620039731	0.027347871999550	517.71785802092	0.0000000000000
25.348000000000	0.64459808859225	0.024435372602760	517.61826577646	0.0000000000000
25.354000000000	0.64458681398302	0.021523941268367	517.51867353200	0.0000000000000
25.360000000000	0.64456238852453	0.018613636583986	517.41908128754	0.0000000000000
25.366000000000	0.64452482442263	0.015704517041490	517.31948904307	0.0000000000000
25.372000000000	0.64447413413347	0.012796641035999	517.21989679861	0.0000000000000
25.378000000000	0.64441033036285	0.0098900668648761	517.12030455415	0.0000000000000
25.384000000000	0.64433342606553	0.0069848527267210	517.02071230969	0.0000000000000
25.390000000000	0.64424343444458	0.0040810567203764	516.92112006523	0.0000000000000
25.396000000000	0.64414036895071	0.0011787368439323	516.82152782076	0.0000000000000
25.402000000000	0.64402424328159	-0.0017220490062620	516.72193557630	0.0000000000000
25.408000000000	0.64389507138115	-0.0046212430365830	516.62234333184	0.0000000000000
25.414000000000	0.64375286743896	-0.0075187875571129	516.52275108738	0.0000000000000
25.420000000000	0.64359764588946	-0.010414624982616	516.42315884292	0.0000000000000
25.426000000000	0.64342942141134	-0.013308697833509	516.32356659845	0.0000000000000
25.432000000000	0.64324820892681	-0.016200948736829	516.22397435399	0.0000000000000
25.438000000000	0.64305402360092	-0.019091320427198	516.12438210953	0.0000000000000
25.444000000000	0.64284688084086	-0.021979755747777	516.02478986507	0.0000000000000
25.450000000000	0.64262679629525	-0.024866197651220	515.92519762061	0.0000000000000
25.456000000000	0.64239378585343	-0.027750589200627	515.82560537614	0.0000000000000
25.462000000000	0.64214786564478	-0.030632873570487	515.72601313168	0.0000000000000
25.468000000000	0.64188905203797	-0.033512994047617	515.62642088722	0.0000000000000
25.474000000000	0.64161736164026	-0.036390894032097	515.52682864276	0.0000000000000
25.480000000000	0.64133281129679	-0.039266517038206	515.42723639830	0.0000000000000
25.486000000000	0.64103541808984	-0.042139806695345	515.32764415383	0.0000000000000
25.492000000000	0.64072519933814	-0.045010706748959	515.22805190937	0.0000000000000
25.498000000000	0.64040217259608	-0.047879161061456	515.12845966491	0.0000000000000
25.504000000000	0.64006635565306	-0.050745113613124	515.02886742045	0.0000000000000
25.510000000000	0.63971776653268	-0.053608508503030	514.92927517598	0.0000000000000
25.516000000000	0.63935642349204	-0.056469289949935	514.82968293152	0.0000000000000
25.522000000000	0.63898234502101	-0.059327402293190	514.73009068706	0.0000000000000
25.528000000000	0.63859554984146	-0.062182789993626	514.63049844260	0.0000000000000
25.534000000000	0.63819605690653	-0.065035397634453	514.53090619814	0.0000000000000
25.540000000000	0.63778388539989	-0.067885169922140	514.43131395367	0.0000000000000
25.546000000000	0.63735905473496	-0.070732051687298	514.33172170921	0.0000000000000
25.552000000000	0.63692158455418	-0.073575987885562	514.23212946475	0.0000000000000
25.558000000000	0.63647149472825	-0.076416923598454	514.13253722029	0.0000000000000
25.564000000000	0.63600880535536	-0.079254804034260	514.03294497583	0.0000000000000
25.570000000000	0.63553353676044	-0.082089574528887	513.93335273136	0.0000000000000
25.576000000000	0.63504570949437	-0.084921180546727	513.83376048690	0.0000000000000
25.582000000000	0.63454534433327	-0.087749567681505	513.73416824244	0.0000000000000
25.588000000000	0.63403246227765	-0.090574681657136	513.63457599798	0.0000000000000
25.594000000000	0.63350708455170	-0.093396468328563	513.53498375352	0.0000000000000
25.600000000000	0.63296923260249	-0.096214873682603	513.43539150905	0.0000000000000
25.606000000000	0.63241892809919	-0.099029843838781	513.33579926459	0.0000000000000
25.612000000000	0.63185619293231	-0.10184132505016	513.23620702013	0.0000000000000
25.618000000000	0.63128104921288	-0.10464926370416	513.13661477567	0.0000000000000
25.624000000000	0.63069351927170	-0.10745360632342	513.03702253121	0.0000000000000
25.630000000000	0.63009362565854	-0.11025429956654	512.93743028674	0.0000000000000
25.636000000000	0.62948139114134	-0.11305129022897	512.83783804228	0.0000000000000
25.642000000000	0.62885683870543	-0.11584452524378	512.73824579782	0.0000000000000
25.648000000000	0.62821999155274	-0.11863395168247	512.63865355336	0.0000000000000
25.654000000000	0.62757087310098	-0.12141951675577	512.53906130889	0.0000000000000
25.660000000000	0.62690950698287	-0.12420116781443	512.43946906443	0.0000000000000
25.666000000000	0.62623591704533	-0.12697885235003	512.33987681997	0.0000000000000
25.672000000000	0.62555012734866	-0.12975251799574	512.24028457551	0.0000000000000
25.678000000000	0.62485216216574	-0.13252211252711	512.14069233105	0.0000000000000
25.684000000000	0.62414204598125	-0.13528758386286	512.04110008658	0.0000000000000
25.690000000000	0.62341980349081	-0.13804888006563	511.94150784212	0.0000000000000
25.696000000000	0.62268545960022	-0.14080594934276	511.84191559766	0.0000000000000
25.702000000000	0.62193903942461	-0.14355874004704	511.74232335320	0.0000000000000
25.708000000000	0.62118056828765	-0.14630720067752	511.64273110874	0.0000000000000
25.714000000000	0.62041007172070	-0.14905127988016	511.54313886427	0.0000000000000
25.720000000000	0.61962757546203	-0.15179092644870	511.44354661981	0.0000000000000
25.726000000000	0.61883310545596	-0.15452608932531	511.34395437535	0.0000000000000
25.732000000000	0.61802668785205	-0.15725671760138	511.24436213089	0.0000000000000
25.738000000000	0.61720834900431	-0.15998276051824	511.14476988643	0.0000000000000
25.744000000000	0.61637811547030	-0.16270416746788	511.04517764196	0.0000000000000
25.750000000000	0.61553601401036	-0.16542088799372	510.94558539750	0.0000000000000
25.756000000000	0.61468207158677	-0.16813287179126	510.84599315304	0.0000000000000
25.762000000000	0.61381631536290	-0.17084006870888	510.74640090858	0.0000000000000
25.768000000000	0.61293877270237	-0.17354242874848	510.64680866412	0.0000000000000
25.774000000000	0.61204947116824	-0.17623990206624	510.54721641965	0.0000000000000
25.780000000000	0.61114843852216	-0.17893243897328	510.44762417519	0.0000000000000
25.786000000000	0.61023570272353	-0.18161998993641	510.34803193073	0.0000000000000
25.792000000000	0.60931129192866	-0.18430250557879	510.24843968627	0.0000000000000
25.798000000000	0.60837523448991	-0.18697993668060	510.14884744181	0.0000000000000
25.804000000000	0.60742755895489	-0.18965223417980	510.04925519734	0.0000000000000
25.810000000000	0.60646829406556	-0.19231934917272	509.94966295288	0.0000000000000
25.816000000000	0.60549746875743	-0.19498123291483	509.85007070842	0.0000000000000
25.822000000000	0.60451511215867	-0.19763783682132	509.75047846396	0.0000000000000
25.828000000000	0.60352125358930	-0.20028911246784	509.65088621949	0.0000000000000
25.834000000000	0.60251592256030	-0.20293501159112	509.55129397503	0.0000000000000
25.840000000000	0.60149914877279	-0.20557548608967	509.45170173057	0.0000000000000
25.846000000000	0.60047096211715	-0.20821048802438	509.35210948611	0.0000000000000
25.852000000000	0.59943139267218	-0.21083996961921	509.25251724165	0.0000000000000
25.858000000000	0.59838047070423	-0.21346388326185	509.15292499718	0.0000000000000
25.864000000000	0.59731822666637	-0.21608218150430	509.05333275272	0.0000000000000
25.870000000000	0.59624469119749	-0.21869481706358	508.95374050826	0.0000000000000
25.876000000000	0.59515989512145	-0.22130174282229	508.85414826380	0.0000000000000
25.882000000000	0.59406386944626	-0.22390291182931	508.75455601934	0.0000000000000
25.888000000000	0.59295664536315	-0.22649827730038	508.65496377487	0.0000000000000
25.894000000000	0.59183825424574	-0.22908779261872	508.55537153041	0.0000000000000
25.900000000000	0.59070872764920	-0.23167141133566	508.45577928595	0.0000000000000
25.906000000000	0.58956809730933	-0.23424908717125	508.35618704149	0.0000000000000
25.912000000000	0.58841639514171	-0.23682077401486	508.25659479703	0.0000000000000
25.918000000000	0.58725365324086	-0.23938642592577	508.15700255256	0.0000000000000
25.924000000000	0.58607990387934	-0.24194599713380	508.05741030810	0.0000000000000
25.930000000000	0.58489517950688	-0.24449944203989	507.95781806364	0.0000000000000
25.936000000000	0.58369951274951	-0.24704671521666	507.85822581918	0.0000000000000
25.942000000000	0.58249293640870	-0.24958777140905	507.75863357472	0.0000000000000
25.948000000000	0.58127548346046	-0.25212256553484	507.65904133025	0.0000000000000
25.954000000000	0.58004718705450	-0.25465105268528	507.55944908579	0.0000000000000
25.960000000000	0.57880808051333	-0.25717318812563	507.45985684133	0.0000000000000
25.966000000000	0.57755819733136	-0.25968892729574	507.36026459687	0.0000000000000
25.972000000000	0.57629757117407	-0.26219822581061	507.26067235240	0.0000000000000
25.978000000000	0.57502623587712	-0.26470103946095	507.16108010794	0.0000000000000
25.984000000000	0.57374422544543	-0.26719732421373	507.06148786348	0.0000000000000
25.990000000000	0.57245157405235	-0.26968703621275	506.96189561902	0.0000000000000
25.996000000000	0.57114831603874	-0.27217013177917	506.86230337456	0.0000000000000
26.002000000000	0.56983448591212	-0.27464656741205	506.76271113009	0.0000000000000
26.008000000000	0.56851011834575	-0.27711629978889	506.66311888563	0.0000000000000
26.014000000000	0.56717524817779	-0.27957928576619	506.56352664117	0.0000000000000
26.020000000000	0.56582991041037	-0.28203548237994	506.46393439671	0.0000000000000
26.026000000000	0.56447414020874	-0.28448484684617	506.36434215225	0.0000000000000
26.032000000000	0.56310797290037	-0.28692733656149	506.26474990778	0.0000000000000
26.038000000000	0.56173144397406	-0.28936290910355	506.16515766332	0.0000000000000
26.044000000000	0.56034458907904	-0.29179152223161	506.06556541886	0.0000000000000
26.050000000000	0.55894744402411	-0.29421313388703	505.96597317440	0.0000000000000
26.056000000000	0.55754004477675	-0.29662770219377	505.86638092994	0.0000000000000
26.062000000000	0.55612242746221	-0.29903518545890	505.76678868547	0.0000000000000
26.068000000000	0.55469462836261	-0.30143554217309	505.66719644101	0.0000000000000
26.074000000000	0.55325668391610	-0.30382873101111	505.56760419655	0.0000000000000
26.080000000000	0.55180863071590	-0.30621471083232	505.46801195209	0.0000000000000
26.086000000000	0.55035050550948	-0.30859344068115	505.36841970762	0.0000000000000
26.092000000000	0.54888234519760	-0.31096487978758	505.26882746316	0.0000000000000
26.098000000000	0.54740418683348	-0.31332898756764	505.16923521870	0.0000000000000
26.104000000000	0.54591606762185	-0.31568572362385	505.06964297424	0.0000000000000
26.110000000000	0.54441802491809	-0.31803504774570	504.97005072978	0.0000000000000
26.116000000000	0.54291009622734	-0.32037691991012	504.87045848531	0.0000000000000
26.122000000000	0.54139231920358	-0.32271130028197	504.77086624085	0.0000000000000
26.128000000000	0.53986473164874	-0.32503814921445	504.67127399639	0.0000000000000
26.134000000000	0.53832737151183	-0.32735742724956	504.57168175193	0.0000000000000
26.140000000000	0.53678027688801	-0.32966909511860	504.47208950747	0.0000000000000
26.146000000000	0.53522348601771	-0.33197311374254	504.37249726300	0.0000000000000
26.152000000000	0.53365703728574	-0.33426944423254	504.27290501854	0.0000000000000
26.158000000000	0.53208096922038	-0.33655804789032	504.17331277408	0.0000000000000
26.164000000000	0.53049532049248	-0.33883888620866	504.07372052962	0.0000000000000
26.170000000000	0.52890012991459	-0.34111192087176	503.97412828516	0.0000000000000
26.176000000000	0.52729543644001	-0.34337711375572	503.87453604069	0.0000000000000
26.182000000000	0.52568127916195	-0.34563442692896	503.77494379623	0.0000000000000
26.188000000000	0.52405769731258	-0.34788382265260	503.67535155177	0.0000000000000
26.194000000000	0.52242473026217	-0.35012526338093	503.57575930731	0.0000000000000
26.200000000000	0.52078241751816	-0.35235871176177	503.47616706285	0.0000000000000
26.206000000000	0.51913079872428	-0.35458413063691	503.37657481838	0.0000000000000
26.212000000000	0.51746991365964	-0.35680148304251	503.27698257392	0.0000000000000
26.218000000000	0.51579980223785	-0.35901073220949	503.17739032946	0.0000000000000
26.224000000000	0.51412050450608	-0.36121184156394	503.07779808500	0.0000000000000
26.230000000000	0.51243206064419	-0.36340477472750	502.97820584053	0.0000000000000
26.236000000000	0.51073451096383	-0.36558949551777	502.87861359607	0.0000000000000
26.242000000000	0.50902789590752	-0.36776596794866	502.77902135161	0.0000000000000
26.248000000000	0.50731225604776	-0.36993415623082	502.67942910715	0.0000000000000
26.254000000000	0.50558763208612	-0.37209402477197	502.57983686269	0.0000000000000
26.260000000000	0.50385406485236	-0.37424553817732	502.48024461822	0.0000000000000
26.266000000000	0.50211159530351	-0.37638866124991	502.38065237376	0.0000000000000
26.272000000000	0.50036026452295	-0.37852335899098	502.28106012930	0.0000000000000
26.278000000000	0.49860011371955	-0.38064959660035	502.18146788484	0.0000000000000
26.284000000000	0.49683118422674	-0.38276733947678	502.08187564038	0.0000000000000
26.290000000000	0.49505351750161	-0.38487655321831	501.98228339591	0.0000000000000
26.296000000000	0.49326715512402	-0.38697720362262	501.88269115145	0.0000000000000
26.302000000000	0.49147213879569	-0.38906925668739	501.78309890699	0.0000000000000
26.308000000000	0.48966851033927	-0.39115267861064	501.68350666253	0.0000000000000
26.314000000000	0.48785631169750	-0.39322743579106	501.58391441807	0.0000000000000
26.320000000000	0.48603558493224	-0.39529349482839	501.48432217360	0.0000000000000
26.326000000000	0.48420637222360	-0.39735082252370	501.38472992914	0.0000000000000
26.332000000000	0.48236871586906	-0.39939938587977	501.28513768468	0.0000000000000
26.338000000000	0.48052265828251	-0.40143915210137	501.18554544022	0.0000000000000
26.344000000000	0.47866824199339	-0.40347008859567	501.08595319576	0.0000000000000
26.350000000000	0.47680550964576	-0.40549216297245	500.98636095129	0.0000000000000
26.356000000000	0.47493450399744	-0.40750534304450	500.88676870683	0.0000000000000
26.362000000000	0.47305526791906	-0.40950959682794	500.78717646237	0.0000000000000
26.368000000000	0.47116784439316	-0.41150489254245	500.68758421791	0.0000000000000
26.374000000000	0.46927227651331	-0.41349119861167	500.58799197345	0.0000000000000
26.380000000000	0.46736860748322	-0.41546848366347	500.48839972898	0.0000000000000
26.386000000000	0.46545688061578	-0.41743671653022	500.38880748452	0.0000000000000
26.392000000000	0.46353713933221	-0.41939586624915	500.28921524006	0.0000000000000
26.398000000000	0.46160942716113	-0.42134590206259	500.18962299560	0.0000000000000
26.404000000000	0.45967378773767	-0.42328679341831	500.09003075113	0.0000000000000
26.410000000000	0.45773026480254	-0.42521850996975	499.99043850667	0.0000000000000
26.416000000000	0.45577890220118	-0.42714102157638	499.89084626221	0.0000000000000
26.422000000000	0.45381974388278	-0.42905429830392	499.79125401775	0.0000000000000
26.428000000000	0.45185283389947	-0.43095831042463	499.69166177329	0.0000000000000
26.434000000000	0.44987821640533	-0.43285302841762	499.59206952882	0.0000000000000
26.440000000000	0.44789593565554	-0.43473842296908	499.49247728436	0.0000000000000
26.446000000000	0.44590603600546	-0.43661446497258	499.39288503990	0.0000000000000
26.452000000000	0.44390856190971	-0.43848112552931	499.29329279544	0.0000000000000
26.458000000000	0.44190355792130	-0.44033837594838	499.19370055098	0.0000000000000
26.464000000000	0.43989106869072	-0.44218618774702	499.09410830651	0.0000000000000
26.470000000000	0.43787113896501	-0.44402453265089	498.99451606205	0.0000000000000
26.476000000000	0.43584381358689	-0.44585338259433	498.89492381759	0.0000000000000
26.482000000000	0.43380913749383	-0.44767270972058	498.79533157313	0.0000000000000
26.488000000000	0.43176715571716	-0.44948248638202	498.69573932867	0.0000000000000
26.494000000000	0.42971791338118	-0.45128268514047	498.59614708420	0.0000000000000
26.500000000000	0.42766145570223	-0.45307327876739	498.49655483974	0.0000000000000
26.506000000000	0.42559782798782	-0.45485424024409	498.41827019792	0.0000000000000
26.512000000000	0.42352707563570	-0.45662554276203	498.33998555611	0.0000000000000
26.518000000000	0.42144924413295	-0.45838715972302	498.26170091429	0.0000000000000
26.524000000000	0.41936437905513	-0.46013906473941	498.18341627247	0.0000000000000
26.530000000000	0.41727252606531	-0.46188123163439	498.10513163066	0.0000000000000
26.536000000000	0.41517373091322	-0.46361363444216	498.02684698884	0.0000000000000
26.542000000000	0.41306803943432	-0.46533624740814	497.94856234702	0.0000000000000
26.548000000000	0.41095549754891	-0.46704904498925	497.87027770521	0.0000000000000
26.554000000000	0.40883615126122	-0.46875200185403	497.79199306339	0.0000000000000
26.560000000000	0.40671004665853	-0.47044509288294	497.71370842157	0.0000000000000
26.566000000000	0.40457722991022	-0.47212829316850	497.63542377976	0.0000000000000
26.572000000000	0.40243774726693	-0.47380157801554	497.55713913794	0.0000000000000
26.578000000000	0.40029164505961	-0.47546492294137	497.47885449612	0.0000000000000
26.584000000000	0.39813896969864	-0.47711830367598	497.40056985431	0.0000000000000
26.590000000000	0.39597976767292	-0.47876169616226	497.32228521249	0.0000000000000
26.596000000000	0.39381408554900	-0.48039507655615	497.24400057067	0.0000000000000
26.602000000000	0.39164196997013	-0.48201842122687	497.16571592886	0.0000000000000
26.608000000000	0.38946346765537	-0.48363170675710	497.08743128704	0.0000000000000
26.614000000000	0.38727862539873	-0.48523490994312	497.00914664522	0.0000000000000
26.620000000000	0.38508749006822	-0.48682800779504	496.93086200341	0.0000000000000
26.626000000000	0.38289010860498	-0.48841097753695	496.85257736159	0.0000000000000
26.632000000000	0.38068652802237	-0.48998379660711	496.77429271977	0.0000000000000
26.638000000000	0.37847679540505	-0.49154644265811	496.69600807796	0.0000000000000
26.644000000000	0.37626095790811	-0.49309889355702	496.61772343614	0.0000000000000
26.650000000000	0.37403906275617	-0.49464112738561	496.53943879432	0.0000000000000
26.656000000000	0.37181115724245	-0.49617312244045	496.46115415251	0.0000000000000
26.662000000000	0.36957728872788	-0.49769485723312	496.38286951069	0.0000000000000
26.668000000000	0.36733750464023	-0.49920631049030	496.30458486887	0.0000000000000
26.674000000000	0.36509185247316	-0.50070746115402	496.22630022706	0.0000000000000
26.680000000000	0.36284037978537	-0.50219828838173	496.14801558524	0.0000000000000
26.686000000000	0.36058313419966	-0.50367877154647	496.06973094342	0.0000000000000
26.692000000000	0.35832016340205	-0.50514889023702	495.99144630161	0.0000000000000
26.698000000000	0.35605151514089	-0.50660862425806	495.91316165979	0.0000000000000
26.704000000000	0.35377723722592	-0.50805795363028	495.83487701797	0.0000000000000
26.710000000000	0.35149737752743	-0.50949685859051	495.75659237616	0.0000000000000
26.716000000000	0.34921198397531	-0.51092531959190	495.67830773434	0.0000000000000
26.722000000000	0.34692110455816	-0.51234331730401	495.60002309252	0.0000000000000
26.728000000000	0.34462478732243	-0.51375083261293	495.52173845071	0.0000000000000
26.734000000000	0.34232308037145	-0.51514784662145	495.44345380889	0.0000000000000
26.740000000000	0.34001603186461	-0.51653434064913	495.36516916707	0.0000000000000
26.746000000000	0.33770369001638	-0.51791029623248	495.28688452526	0.0000000000000
26.752000000000	0.33538610309550	-0.51927569512500	495.20859988344	0.0000000000000
26.758000000000	0.33306331942401	-0.52063051929737	495.13031524162	0.0000000000000
26.764000000000	0.33073538737635	-0.52197475093750	495.05203059981	0.0000000000000
26.770000000000	0.32840235537853	-0.52330837245067	494.97374595799	0.0000000000000
26.776000000000	0.32606427190717	-0.52463136645964	494.89546131617	0.0000000000000
26.782000000000	0.32372118548860	-0.52594371580473	494.81717667436	0.0000000000000
26.788000000000	0.32137314469801	-0.52724540354393	494.73889203254	0.0000000000000
26.794000000000	0.31902019815849	-0.52853641295299	494.66060739072	0.0000000000000
26.800000000000	0.31666239454020	-0.52981672752555	494.58232274891	0.0000000000000
26.806000000000	0.31429978255938	-0.53108633097317	494.50403810709	0.0000000000000
26.812000000000	0.31193241097756	-0.53234520722546	494.42575346527	0.0000000000000
26.818000000000	0.30956032860058	-0.53359334043016	494.34746882346	0.0000000000000
26.824000000000	0.30718358427770	-0.53483071495322	494.26918418164	0.0000000000000
26.830000000000	0.30480222690076	-0.53605731537887	494.19089953982	0.0000000000000
26.836000000000	0.30241630540321	-0.53727312650972	494.11261489801	0.0000000000000
26.842000000000	0.30002586875925	-0.53847813336681	494.03433025619	0.0000000000000
26.848000000000	0.29763096598293	-0.53967232118968	493.95604561437	0.0000000000000
26.854000000000	0.29523164612723	-0.54085567543648	493.87776097256	0.0000000000000
26.860000000000	0.29282795828320	-0.54202818178398	493.79947633074	0.0000000000000
26.866000000000	0.29041995157902	-0.54318982612766	493.72119168892	0.0000000000000
26.872000000000	0.28800767517914	-0.54434059458180	493.64290704711	0.0000000000000
26.878000000000	0.28559117828333	-0.54548047347948	493.56462240529	0.0000000000000
26.884000000000	0.28317051012584	-0.54660944937267	493.48633776347	0.0000000000000
26.890000000000	0.28074571997446	-0.54772750903227	493.40805312166	0.0000000000000
26.896000000000	0.27831685712966	-0.54883463944817	493.32976847984	0.0000000000000
26.902000000000	0.27588397092365	-0.54993082782930	493.25148383802	0.0000000000000
26.908000000000	0.27344711071950	-0.55101606160365	493.17319919621	0.0000000000000
26.914000000000	0.27100632591024	-0.55209032841833	493.09491455439	0.0000000000000
26.920000000000	0.26856166591798	-0.55315361613961	493.01662991257	0.0000000000000
26.926000000000	0.26611318019298	-0.55420591285293	492.93834527076	0.0000000000000
26.932000000000	0.26366091821277	-0.55524720686298	492.86006062894	0.0000000000000
26.938000000000	0.26120492948124	-0.55627748669367	492.78177598712	0.0000000000000
26.944000000000	0.25874526352778	-0.55729674108823	492.70349134531	0.0000000000000
26.950000000000	0.25628196990631	-0.55830495900915	492.62520670349	0.0000000000000
26.956000000000	0.25381509819445	-0.55930212963827	492.54692206167	0.0000000000000
26.962000000000	0.25134469799260	-0.56028824237677	492.46863741986	0.0000000000000
26.968000000000	0.24887081892301	-0.56126328684517	492.39035277804	0.0000000000000
26.974000000000	0.24639351062892	-0.56222725288339	492.31206813622	0.0000000000000
26.980000000000	0.24391282277365	-0.56318013055072	492.23378349441	0.0000000000000
26.986000000000	0.24142880503971	-0.56412191012583	492.15549885259	0.0000000000000
26.992000000000	0.23894150712786	-0.56505258210679	492.07721421077	0.0000000000000
26.998000000000	0.23645097875629	-0.56597213721108	491.99892956896	0.0000000000000
27.004000000000	0.23395726965962	-0.56688056637556	491.92064492714	0.0000000000000
27.010000000000	0.23146042958810	-0.56777786075648	491.84236028532	0.0000000000000
27.016000000000	0.22896050830663	-0.56866401172948	491.76407564351	0.0000000000000
27.022000000000	0.22645755559392	-0.56953901088957	491.68579100169	0.0000000000000
27.028000000000	0.22395162124157	-0.57040285005113	491.60750635987	0.0000000000000
27.034000000000	0.22144275505315	-0.57125552124788	491.52922171806	0.0000000000000
27.040000000000	0.21893100684333	-0.57209701673287	491.45093707624	0.0000000000000
27.046000000000	0.21641642643697	-0.57292732897846	491.37265243442	0.0000000000000
27.052000000000	0.21389906366823	-0.57374645067630	491.29436779261	0.0000000000000
27.058000000000	0.21137896837964	-0.57455437473729	491.21608315079	0.0000000000000
27.064000000000	0.20885619042124	-0.57535109429155	491.13779850897	0.0000000000000
27.070000000000	0.20633077964966	-0.57613660268841	491.05951386716	0.0000000000000
27.076000000000	0.20380278592722	-0.57691089349636	490.98122922534	0.0000000000000
27.082000000000	0.20127225912104	-0.57767396050301	490.90294458352	0.0000000000000
27.088000000000	0.19873924910212	-0.57842579771504	490.82465994171	0.0000000000000
27.094000000000	0.19620380574447	-0.57916639935818	490.74637529989	0.0000000000000
27.100000000000	0.19366597892418	-0.57989575987714	490.66809065807	0.0000000000000
27.106000000000	0.19112581851856	-0.58061387393559	490.58980601626	0.0000000000000
27.112000000000	0.18858337440519	-0.58132073641607	490.51152137444	0.0000000000000
27.118000000000	0.18603869646105	-0.58201634241995	490.43323673262	0.0000000000000
27.124000000000	0.18349183456162	-0.58270068726739	490.35495209081	0.0000000000000
27.130000000000	0.18094283857997	-0.58337376649724	490.27666744899	0.0000000000000
27.136000000000	0.17839175838586	-0.58403557586702	490.19838280717	0.0000000000000
27.142000000000	0.17583864384487	-0.58468611135282	490.12009816536	0.0000000000000
27.148000000000	0.17328354481744	-0.58532536914923	490.04181352354	0.0000000000000
27.154000000000	0.17072651115801	-0.58595334566929	489.96352888172	0.0000000000000
27.160000000000	0.16816759271414	-0.58657003754439	489.88524423991	0.0000000000000
27.166000000000	0.16560683932554	-0.58717544162422	489.80695959809	0.0000000000000
27.172000000000	0.16304430082324	-0.58776955497663	489.72867495627	0.0000000000000
27.178000000000	0.16048002702866	-0.58835237488763	489.65039031446	0.0000000000000
27.184000000000	0.15791406775270	-0.58892389886122	489.57210567264	0.0000000000000
27.190000000000	0.15534647279484	-0.58948412461933	489.49382103082	0.0000000000000
27.196000000000	0.15277729194227	-0.59003305010176	489.41553638901	0.0000000000000
27.202000000000	0.15020657496895	-0.59057067346602	489.33725174719	0.0000000000000
27.208000000000	0.14763437163473	-0.59109699308727	489.25896710538	0.0000000000000
27.214000000000	0.14506073168446	-0.59161200755822	489.18068246356	0.0000000000000
27.220000000000	0.14248570484703	-0.59211571568898	489.10239782174	0.0000000000000
27.226000000000	0.13990934083457	-0.59260811650701	489.02411317992	0.0000000000000
27.232000000000	0.13733168934144	-0.59308920925697	488.94582853811	0.0000000000000
27.238000000000	0.13475280004341	-0.59355899340058	488.86754389629	0.0000000000000
27.244000000000	0.13217272259671	-0.59401746861658	488.78925925447	0.0000000000000
27.250000000000	0.12959150663716	-0.59446463480053	488.71097461266	0.0000000000000
27.256000000000	0.12700920177924	-0.59490049206471	488.63268997084	0.0000000000000
27.262000000000	0.12442585761522	-0.59532504073802	488.55440532903	0.0000000000000
27.268000000000	0.12184152371422	-0.59573828136580	488.47612068721	0.0000000000000
27.274000000000	0.11925624962135	-0.59614021470973	488.39783604539	0.0000000000000
27.280000000000	0.11667008485678	-0.59653084174768	488.31955140358	0.0000000000000
27.286000000000	0.11408307891483	-0.59691016367356	488.24126676176	0.0000000000000
27.292000000000	0.11149528126312	-0.59727818189720	488.16298211994	0.0000000000000
27.298000000000	0.10890674134159	-0.59763489804417	488.08469747813	0.0000000000000
27.304000000000	0.10631750856167	-0.59798031395567	488.00641283631	0.0000000000000
27.310000000000	0.10372763230535	-0.59831443168833	487.92812819449	0.0000000000000
27.316000000000	0.10113716192425	-0.59863725351408	487.84984355268	0.0000000000000
27.322000000000	0.098546146738765	-0.59894878191999	487.77155891086	0.0000000000000
27.328000000000	0.095954636037143	-0.59924901960810	487.69327426904	0.0000000000000
27.334000000000	0.093362679074579	-0.59953796949524	487.61498962723	0.0000000000000
27.340000000000	0.090770325072314	-0.59981563471289	487.53670498541	0.0000000000000
27.346000000000	0.088177623216742	-0.60008201860697	487.46859205314	0.0000000000000
27.352000000000	0.085584622658499	-0.60033712473769	487.40047912088	0.0000000000000
27.358000000000	0.082991372511564	-0.60058095687937	487.33236618862	0.0000000000000
27.364000000000	0.080397921852360	-0.60081351902022	487.26425325635	0.0000000000000
27.370000000000	0.077804319718850	-0.60103481536222	487.19614032409	0.0000000000000
27.376000000000	0.075210615109633	-0.60124485032084	487.12802739182	0.0000000000000
27.382000000000	0.072616856983049	-0.60144362852493	487.05991445956	0.0000000000000
27.388000000000	0.070023094256265	-0.60163115481648	486.99180152730	0.0000000000000
27.394000000000	0.067429375804391	-0.60180743425042	486.92368859503	0.0000000000000
27.400000000000	0.064835750459563	-0.60197247209441	486.85557566277	0.0000000000000
27.406000000000	0.062242267010050	-0.60212627382868	486.78746273050	0.0000000000000
27.412000000000	0.059648974199350	-0.60226884514576	486.71934979824	0.0000000000000
27.418000000000	0.057055920725289	-0.60240019195027	486.65123686598	0.0000000000000
27.424000000000	0.054463155239122	-0.60252032035876	486.58312393371	0.0000000000000
27.430000000000	0.051870726344627	-0.60262923669942	486.51501100145	0.0000000000000
27.436000000000	0.049278682597210	-0.60272694751190	486.44689806918	0.0000000000000
27.442000000000	0.046687072503000	-0.60281345954705	486.37878513692	0.0000000000000
27.448000000000	0.044095944517951	-0.60288877976671	486.31067220466	0.0000000000000
27.454000000000	0.041505347046942	-0.60295291534348	486.24255927239	0.0000000000000
27.460000000000	0.038915328442872	-0.60300587366043	486.17444634013	0.0000000000000
27.466000000000	0.036325937005767	-0.60304766231095	486.10633340787	0.0000000000000
27.472000000000	0.033737220981873	-0.60307828909840	486.03822047560	0.0000000000000
27.478000000000	0.031149228562764	-0.60309776203592	485.97010754334	0.0000000000000
27.484000000000	0.028562007884433	-0.60310608934619	485.90199461107	0.0000000000000
27.490000000000	0.025975607026403	-0.60310327946111	485.83388167881	0.0000000000000
27.496000000000	0.023390074010819	-0.60308934102161	485.76576874655	0.0000000000000
27.502000000000	0.020805456801558	-0.60306428287733	485.69765581428	0.0000000000000
27.508000000000	0.018221803303317	-0.60302811408638	485.62954288202	0.0000000000000
27.514000000000	0.015639161360732	-0.60298084391506	485.56142994975	0.0000000000000
27.520000000000	0.013057578757465	-0.60292248183758	485.49331701749	0.0000000000000
27.526000000000	0.010477103215318	-0.60285303753580	485.42520408523	0.0000000000000
27.532000000000	0.0078977823933235	-0.60277252089893	485.35709115296	0.0000000000000
27.538000000000	0.0053196638868587	-0.60268094202324	485.28897822070	0.0000000000000
27.544000000000	0.0027427952267416	-0.60257831121177	485.22086528843	0.0000000000000
27.550000000000	0.00016722387833672	-0.60246463897406	485.15275235617	0.0000000000000
27.556000000000	-0.0024070027593409	-0.60233993602581	485.08463942391	0.0000000000000
27.562000000000	-0.0049798373545217	-0.60220421328863	485.01652649164	0.0000000000000
27.568000000000	-0.0075512326435773	-0.60205748188968	484.94841355938	0.0000000000000
27.574000000000	-0.010121141431913	-0.60189975316139	484.88030062711	0.0000000000000
27.580000000000	-0.012689516594871	-0.60173103864116	484.81218769485	0.0000000000000
27.586000000000	-0.015256311078611	-0.60155135007100	484.74407476259	0.0000000000000
27.592000000000	-0.017821477901014	-0.60136069939724	484.67596183032	0.0000000000000
27.598000000000	-0.020384970152573	-0.60115909877022	484.60784889806	0.0000000000000
27.604000000000	-0.022946740997286	-0.60094656054392	484.53973596579	0.0000000000000
27.610000000000	-0.025506743673545	-0.60072309727565	484.47162303353	0.0000000000000
27.616000000000	-0.028064931495034	-0.60048872172571	484.40351010127	0.0000000000000
27.622000000000	-0.030621257851615	-0.60024344685705	484.33539716900	0.0000000000000
27.628000000000	-0.033175676210221	-0.59998728583493	484.26728423674	0.0000000000000
27.634000000000	-0.035728140115745	-0.59972025202655	484.19917130447	0.0000000000000
27.640000000000	-0.038278603191934	-0.59944235900074	484.13105837221	0.0000000000000
27.646000000000	-0.040827019142270	-0.59915362052755	484.06294543995	0.0000000000000
27.652000000000	-0.043373341750866	-0.59885405057793	483.99483250768	0.0000000000000
27.658000000000	-0.045917524883350	-0.59854366332336	483.92671957542	0.0000000000000
27.664000000000	-0.048459522487753	-0.59822247313545	483.85860664315	0.0000000000000
27.670000000000	-0.050999288595395	-0.59789049458561	483.79049371089	0.0000000000000
27.676000000000	-0.053536777321773	-0.59754774244465	483.72238077863	0.0000000000000
27.682000000000	-0.056071942867442	-0.59719423168240	483.65426784636	0.0000000000000
27.688000000000	-0.058604739518903	-0.59682997746732	483.58615491410	0.0000000000000
27.694000000000	-0.061135121649489	-0.59645499516613	483.51804198183	0.0000000000000
27.700000000000	-0.063663043720239	-0.59606930034341	483.44992904957	0.0000000000000
27.706000000000	-0.066188460280788	-0.59567290876118	483.38181611731	0.0000000000000
27.712000000000	-0.068711325970248	-0.59526583637854	483.31370318504	0.0000000000000
27.718000000000	-0.071231595518083	-0.59484809935123	483.24559025278	0.0000000000000
27.724000000000	-0.073749223744994	-0.59441971403123	483.17747732051	0.0000000000000
27.730000000000	-0.076264165563797	-0.59398069696635	483.10936438825	0.0000000000000
27.736000000000	-0.078776375980298	-0.59353106489982	483.04125145599	0.0000000000000
27.742000000000	-0.081285810094173	-0.59307083476985	482.97313852372	0.0000000000000
27.748000000000	-0.083792423099843	-0.59260002370920	482.90502559146	0.0000000000000
27.754000000000	-0.086296170287349	-0.59211864904480	482.83691265919	0.0000000000000
27.760000000000	-0.088797007043227	-0.59162672829722	482.76879972693	0.0000000000000
27.766000000000	-0.091294888851382	-0.59112427918035	482.70068679467	0.0000000000000
27.772000000000	-0.093789771293955	-0.59061131960084	482.63257386240	0.0000000000000
27.778000000000	-0.096281610052201	-0.59008786765774	482.56446093014	0.0000000000000
27.784000000000	-0.098770360907356	-0.58955394164200	482.49634799787	0.0000000000000
27.790000000000	-0.10125597974150	-0.58900956003604	482.42823506561	0.0000000000000
27.796000000000	-0.10373842253845	-0.58845474151327	482.36012213335	0.0000000000000
27.802000000000	-0.10621764538457	-0.58788950493763	482.29200920108	0.0000000000000
27.808000000000	-0.10869360446972	-0.58731386936315	482.22389626882	0.0000000000000
27.814000000000	-0.11116625608804	-0.58672785403341	482.15578333655	0.0000000000000
27.820000000000	-0.11363555663887	-0.58613147838113	482.08767040429	0.0000000000000
27.826000000000	-0.11610146262757	-0.58552476202767	482.01955747203	0.0000000000000
27.832000000000	-0.11856393066641	-0.58490772478251	481.95144453976	0.0000000000000
27.838000000000	-0.12102291747542	-0.58428038664280	481.88333160750	0.0000000000000
27.844000000000	-0.12347837988324	-0.58364276779286	481.81521867524	0.0000000000000
27.850000000000	-0.12593027482801	-0.58299488860364	481.74710574297	0.0000000000000
27.856000000000	-0.12837855935817	-0.58233676963228	481.67899281071	0.0000000000000
27.862000000000	-0.13082319063335	-0.58166843162154	481.61087987844	0.0000000000000
27.868000000000	-0.13326412592523	-0.58098989549932	481.54276694618	0.0000000000000
27.874000000000	-0.13570132261837	-0.58030118237817	481.47465401392	0.0000000000000
27.880000000000	-0.13813473821105	-0.57960231355469	481.40654108165	0.0000000000000
27.886000000000	-0.14056433031617	-0.57889331050907	481.33842814939	0.0000000000000
27.892000000000	-0.14299005666202	-0.57817419490457	481.27031521712	0.0000000000000
27.898000000000	-0.14541187509321	-0.57744498858690	481.20220228486	0.0000000000000
27.904000000000	-0.14782974357145	-0.57670571358377	481.13408935260	0.0000000000000
27.910000000000	-0.15024362017639	-0.57595639210432	481.06597642033	0.0000000000000
27.916000000000	-0.15265346310651	-0.57519704653855	480.99786348807	0.0000000000000
27.922000000000	-0.15505923067994	-0.57442769945677	480.92975055580	0.0000000000000
27.928000000000	-0.15746088133525	-0.57364837360908	480.86163762354	0.0000000000000
27.934000000000	-0.15985837363236	-0.57285909192476	480.79352469128	0.0000000000000
27.940000000000	-0.16225166625331	-0.57205987751175	480.72541175901	0.0000000000000
27.946000000000	-0.16464071800312	-0.57125075365603	480.65729882675	0.0000000000000
27.952000000000	-0.16702548781064	-0.57043174382110	480.58918589448	0.0000000000000
27.958000000000	-0.16940593472933	-0.56960287164734	480.52107296222	0.0000000000000
27.964000000000	-0.17178201793812	-0.56876416095148	480.45296002996	0.0000000000000
27.970000000000	-0.17415369674222	-0.56791563572598	480.38484709769	0.0000000000000
27.976000000000	-0.17652093057396	-0.56705732013845	480.31673416543	0.0000000000000
27.982000000000	-0.17888367899357	-0.56618923853105	480.24862123316	0.0000000000000
27.988000000000	-0.18124190169006	-0.56531141541986	480.18050830090	0.0000000000000
27.994000000000	-0.18359555848198	-0.56442387549433	480.11239536864	0.0000000000000
28.000000000000	-0.18594460931826	-0.56352664361662	480.04428243637	0.0000000000000
